#Example: Large parts of Africa and south east Asia
tropical = {
	988 1014 1042 1085 1098 1208 1222 1224 1225 1230 1234 1242 1244 1246 1252 1261 1269 1277 1283 1286 1288 1289 1296 1298 1301 1304 1306 1310 1311 1315 1316 1326 1329 1332 1333 1339 1340 1342 1345 1358 1361 1366 1368 1370 1372 1376 1379 1385 1388 1389 1398 1401 1403 1407 1416 1419 1518 1533 1574 1589 1602 1617 1629 1731 1928 1979 1981 1988 2007 2021 2031 2035 2050 2073 2075 2077 2080 2117 2142 2147 2154 2168 2184 2188 2198 2204 2212 2214 2226 3109 3651 4101 4211 4216 4226 4233 4241 4252 4275 4276 4279 4282 4288 4289 4292 4293 4297 4301 4304 4307 4308 4312 4323 4329 4332 4335 4336 4352 4355 4358 4364 4373 4378 4381 4388 4393 4396 4399 4408 4409 4412 4421 4424 4433 4468 4493 4509 4524 4537 4552 4564 4593 4611 4624 4635 4652 4904 4934 4952 4965 4969 4980 4982 4991 5008 5021 5036 5054 5083 5128 5139 5176 5188 5214 5216 5220 5222 5232 6008 6039 7219 7225 7227 7231 7251 7295 7296 7305 7311 7325 7327 7333 7339 7352 7355 7358 7371 7385 7387 7399 7412 7413 7423 7427 7432 7437 7439 7443 7445 7463 7487 7512 7529 7557 7614 7627 7630 7673 7716 7931 7959 7991 8006 8016 8034 8047 8048 8050 8075 8079 8091 8107 8122 8149 8160 8172 8175 8185 8191 8207 8213 8221 8244 8254 10071 10138 10141 10143 10147 10150 10166 10169 10175 10178 10181 10182 10186 10191 10197 10199 10206 10209 10212 10217 10223 10225 10227 10234 10236 10237 10240 10241 10252 10260 10266 10272 10280 10282 10285 10289 10291 10293 10294 10297 10298 10302 10310 10313 10319 10322 10325 10369 10396 10409 10423 10482 10494 10505 10732 10736 10762 10766 10767 10792 10803 10831 10858 10862 10864 10874 10879 10883 10888 10889 10906 10934 10940 10942 10948 10951 10956 10960 10970 10982 10996 11010 12107 12110 12112 12116 12123 12125 12129 12131 12135 12144 12165 12168 12171 12181 12184 12188 12190 12196 12199 12206 12213 12215 12219 12222 12225 12228 12230 12234 12236 12238 12240 12252 12265 12268 12271 12280 12283 12284 12286 12292 12296 12302 12343 12371 12386 12400 12444 12457 12484 12716 12729 12741 12742 12770 12775 12783 12787 12810 12824 12825 12828 12847 12853 12869 12885 12891 12905 12913 12917 12919 12939 12955 12965 12999 13001 13017 13083 13088 13092 
}

arid = {
	1013 1037 1041 1046 1058 1062 1105 1118 1126 1127 1128 1130 1141 1145 1149 1160 1174 1186 1189 1198 1204 1967 3987 3991 4018 4046 4047 4051 4057 4060 4061 4063 4116 4117 4120 4129 4131 4133 4136 4146 4150 4151 4163 4176 4194 4200 4970 4992 5053 7005 7008 7033 7040 7063 7065 7066 7076 7077 7081 7082 7132 7136 7139 7149 7154 7162 7166 7180 7194 7206 7209 8069 9943 9960 9964 9976 9977 9980 9983 9992 9994 10026 10037 10045 10046 10049 10059 10067 10078 10082 10091 10117 10120 10123 11921 11923 11935 11939 11940 11953 11954 11957 11969 12000 12009 12018 12020 12025 12034 12039 12051 12079 12088 12094 12760 12888 13073 13074 13077 13078 
	1043 1057 1060 1095 1115 1140 1897 1901 1956 1958 1962 1994 2049 2068 4191 4902 4903 4913 4962 5004 5034 5035 5077 5095 5136 7041 7939 7943 7985 7992 8028 8035 8058 8061 8077 8088 8128 10104 10725 10731 10749 10754 10758 10779 10780 10785 10805 10814 10838 10868 10884 10893 10917 11951 12022 12082 12711 12842 12849 12866 
	992 1028 1064 1068 1071 1080 1143 1151 1206 1977 2003 2046 2064 2088 3996 4055 4068 4073 4076 4138 4143 4145 4910 4961 4963 5069 5078 7011 7030 7073 7079 7091 7117 7144 7148 7156 7164 7188 7216 7925 7987 7989 8103 8105 9957 9989 10005 10028 10031 10061 10073 10097 10126 10127 10743 10745 10784 10844 10869 10900 10902 10907 11910 11964 11967 11974 11999 12002 12004 12033 12044 12049 12071 12091 12099 12725 12733 12764 12771 12796 12806 12816 12826 12836 12862 12881 12889
	989 1079 1102 1111 1152 1194 1207 1989 4022 4084 4097 4108 4139 4154 4199 4920 4933 5012 5046 7069 7100 7116 7173 7203 7215 7908 7958 7979 8038 8046 8111 9945 10013 10023 10070 10107 10113 10875 11943 11987 12042 12087 12100 12857
	1181 1473 1883 1914 1950 1953 1960 1974 1993 2016 2034 2081 2096 2220 3123 3165 3181 3854 4033 4897 4918 4941 4978 5060 5084 6027 7088 7133 7161 7919 7963 7996 8052 8078 8084 8223 9152 9962 10739 10764 10795 10827 10851 10857 10859 10877 10908 11108 11194 11934 12719 12744 12800 12808 12830 12887 12929 12989
	1498 1511 1540 2133 2177 2186 2201 2205 2221 2223 4645 5125 5138 5170 5206 7579 7608 7623 8134 8152 8155 8206 8237 10336 10473 10936 10950 10955 10971 10979 10991 11013 12323 12904 12906 12912 12915 12926 12936 12992 12993
	78 792 901 1015 1056 1065 1072 1074 1086 1088 1108 1112 1155 1201 1544 1549 1578 1600 1606 1631 1634 1938 2004 2013 2089 2097 3795 3916 3942 4017 4088 4111 4115 4161 4206 4440 4486 4550 4562 4574 4591 4603 4951 5014 6826 6883 7001 7107 7140 7151 7170 7176 7184 7513 7671 7977 7994 8001 8085 8123 9947 10002 10087 10089 10099 10106 10383 10744 10793 10804 10811 10876 10882 11919 11922 11970 11976 11979 12029 12046 12073 12316 12372 12413 12442 12473 12726 12839 12855 12879
	1033 1920 1923 1947 1955 1973 2018 2027 2029 2033 2048 2057 2059 2090 2095 2103 4924 4932 4968 4974 4976 4981 4993 5006 5024 5027 5037 5049 5058 5074 5081 5093 5099 7934 7960 7970 7995 8000 8002 8004 8020 8030 8051 8060 8073 8092 8101 8108 8118 10748 10752 10760 10786 10791 10815 10835 10840 10850 10870 10892 10901 10904 10923 12101 12455 12702 12727 12740 12749 12758 12768 12813 12821 12870 12883 12894 13079 
	1905 1939 1964 1966 1984 2009 2020 2040 2063 2066 2072 4909 4954 4985 4995 5010 5017 5041 5047 5065 5068 5079 5091 5097 5160 5196 5210 6020 7912 7944 7980 8019 8036 8043 8062 8094 8124 8133 8164 10734 10761 10775 10777 10818 10833 10860 10891 10921 10928 10962 10976 11014 11145 12714 12723 12757 12759 12766 12812 12814 12840 12856 12927 12941 12991 
}

arctic = {
 373 490 602 605 722 749 774 777 779 983 1299 1341 1356 1426 1657 1712 1764 1769 1782 1785 3208 3605 3608 3635 3640 3661 3691 3763 3775 3778 3911 4270 4419 4666 4720 4769 4775 4784 4787 4869 4875 6510 6607 6610 6625 6630 6662 6676 6740 6797 7364 7366 7435 7683 7758 7788 7794 7807 7810 7813 7875 7893 7899 9467 9480 9580 9583 9585 9634 9667 9711 9740 9743 10176 10249 10534 10621 10700 10715 10718 11567 11569 11571 11585 11602 11682 11695 11725 11728 11902 12147 12205 12223 12276 12278 12503 12505 12582 12600 12680 12698 12701 13094 13196
 515 736 761 763 917 1262 1323 1347 1393 1408 1411 1671 1737 1763 1788 1799 1804 1848 1858 1872 1873 2407 2947  3010 3481 3498 3606 3706 3721 3736 3769 3800 4218  4343 4385 4413 4426 4428 4678 4695 4739 4753 4765 4790 4870 4872 4877 5119 5239  6726 6728 6754 6779 7185 7348 7677 7696 7718 7753 7761 7766 7782 7787 7820 7830 7853 7858 7869 7891 7901   9615 9669 10228 10258 10273 10527 10548 10552 10585 10605 10611 10644 10656 10684 10703 10721 11440 12145 12166 12231 12508 12534 12571 12578 12593 12603 12636 12663 12682 12688 13075          
 307 1233 1292 1294 1327 1387 1543 1659 1704 1709 1744 1750 1771 1775 1800 1808 1812 1821 1835 1841 1880 3472 4209 4242 4659 4700 4710 4715 4746 4754 4774 4780 4813 4824 4846 6787 7228 7285 7681 7733 7768 7774 7778 7796 7800 7833 7846 7867 7895 9292 9512 9553 10133 10170 10189 10213 10542 10568 10592 10600 10604 10620 10626 10648 10659 10670 10696 10716 10720 12102 12106 12157 12287 12390 12521 12546 12567 12580 12584 12602 12630 12652 12696 12700
 96 1664 1684 1726 1729 1757 1768 1784 1856 2900 2923 2972 3169 3336 3415 4669 4692 4730 4733 4761 4771 4812 4817 4859 6085 7685 7689 7738 7781 7809 7837 7882 8461 9142 9224 10533 10536 10561 10564 10607 10635 10663 10692 11122 11261 11328 12514 12517 12542 12545 12574 12639 12643 12672 12687 13060 13064 13065
 1297 1369 1674 1679 1685 1697 1702 1718 1733 1741 1765 1777 1779 1780 1790 1794 1797 1816 1824 1828 1837 1850 1860 4366 4665 4681 4687 4690 4711 4724 4734 4743 4767 4781 4782 4785 4789 4793 4800 4803 4806 4818 4827 4831 4840 4842 4853 4866 7274 7655 7680 7687 7701 7707 7722 7744 7750 7757 7789 7793 7805 7815 7822 7825 7849 7861 7863 7886 10529 10531 10537 10544 10546 10555 10576 10580 10613 10617 10631 10639 10649 10652 10673 10686 10705 10712 10713 11410 12174 12509 12510 12515 12528 12536 12555 12563 12595 12599 12606 12613 12615 12621 12628 12631 12655 12666 12679 12691
 10245 10636 12512 13058 13066
 1135 1830 4833 4848 7855 7884 10679 10694 10707 12661 13069 13090 13091 13202 13203
 6258 408 9228
 1666 1672 1696 1707 1714 1722 1727 1735 1745 1748 1761 1762 1792 1795 1803 1805 1810 1813 1819 1823 1826 1829 1839 1852 1863 1865 1876 1878 2853 2877 3184 4006 4229 4455 4675 4677 4703 4705 4716 4719 4726 4728 4737 4744 4750 4752 4762 4766 4795 4797 4798 4808 4810 4815 4821 4832 4835 4837 4855 4868 4878 4881 5264 6211 7713 7725 7726 7736 7746 7751 7759 7765 7769 7772 7786 7802 7816 7817 7828 7835 7838 7841 7844 7854 7860 7876 7878 7889 7902 10524 10528 10540 10543 10549 10557 10559 10562 10565 10570 10572 10574 10583 10589 10596 10598 10608 10628 10641 10643 10654 10658 10661 10664 10667 10681 10683 10688 10699 10701 10714 11607 12207 12506 12507 12518 12522 12523 12525 12531 12538 12540 12549 12551 12556 12565 12575 12592 12608 12611 12622 12623 12634 12641 12644 12647 12650 12668 12681 12683 12694 13059 13061 13062 13063  13204
 3 6 18 23 26 60 72 75 81 84 87 89 99 105 106 108 127 129 135 138 140 143 154 160 163 166 174 180 183 186 196 198 312 1295 1307 2996 3000 3031 3056 3057 3064 3065 3075 3079 3080 3081 3086 3087 3091 3092 3099 3124 3130 3135 3147 3154 3155 3157 3160 3164 3166 3168 3175 3338 4298 4874 6016 6017 6034 6040 6051 6073 6075 6077 6088 6091 6097 6100 6102 6105 6109 6112 6113 6119 6121 6158 6166 6177 6180 6182 6189 6190 6192 6193 6199 6202 6538 7318 7330 7712 7824 7898 9041 9043 9099 9101 9102 9110 9113 9121 9124 9130 9131 9133 9136 9145 9168 9187 9199 9200 9202 9205 9207 9210 9213 9222 9225 9230 9248 10207 10216 10551 10579 10677 10723 11027 11035 11036 11038 11042 11047 11061 11062 11071 11074 11075 11086 11089 11095 11098 11103 11107 11119 11137 11143 11168 11171 11177 11178 11179 11180 11182 11189 11200 11203 11213 12393 12502 12530 12558 12659 13076 
}

#Example: Most of Europe north of med.
mild_winter = {
	221 271 296 322 364 507 540 3241 3287 3301 3353 3369 3422 3463 3501 6103 6221 6237 6270 6301 6351 6378 6489 6526 7239 9239 9250 9268 9297 9322 9458 9484 9562 11221 11253 11279 11333 11345 11374 11406 11446 11471 13070
	35 69 147 161 171 211 242 295 299 329 363 383 3063 3106 3128 3141 3182 3229 3286 3307 3375 3386 6028 6050 6084 6120 6127 6148 6164 6188 6195 6209 6310 6311 6331 6345 6397 6406 6412 9054 9109 9138 9149 9185 9209 9218 9251 9279 9300 9308 9329 9362 9393 9406 9410 11044 11070 11082 11114 11160 11163 11188 11215 11231 11278 11280 11289 11311 11327 11376 11380 11390    
	829 1521 1636 1822 1888 1889 1896 1922 1957 1963 1982 1986 2000 2026 2039 2065 2070 2071 4553 4580 4609 4637 4755 4825 4891 4901 4928 4943 4959 4966 4983 5005 5029 5050 5067 5073 5089 5098 7573 7602 7604 7953 7969 7982 7990 8009 8031 8040 8074 8093 8117 8125 9816 10351 10385 10454 10523 10759 10768 10774 10782 10797 10806 10828 10837 10873 10881 10890 10913 10922 11249 11671 12704 12739 12748 12756 12773 12780 12793 12809 12818 12832 12852 12861 12863 12895 13082 
	492 638 702 788 801 822 847 860 862 865 866 873 880 891 894 951 968 1019 1077 1132 1163 1433 1480 1485 1506 1547 1556 1572 1584 1587 1843 1913 3687 3693 3697 3802 3823 3824 3847 3850 3863 3880 3897 3917 3925 3941 3957 3975 3994 4168 4491 4594 4622 4627 4653 4756 5059 5090 6705 6823 6845 6846 6850 6869 6872 6882 6885 6892 6899 6929 6943 6958 6971 6984 7012 7045 7083 7118 7134 7138 7202 7388 7422 7466 7480 7527 7558 7583 7588 7612 7640 7643 7646 9662 9758 9779 9786 9789 9801 9804 9820 9834 9836 9864 9876 9923 9931 9949 9967 9996 10029 10047 10051 10081 10096 10192 10343 10352 10380 10394 10407 10412 10437 10439 10441 10465 10468 10489 10492 10495 10520 11509 11648 11738 11740 11758 11769 11782 11783 11785 11789 11799 11800 11817 11841 11873 11888 11892 11900 11927 11942 11975 12054 12325 12353 12381 12384 12405 12439 12445 12470 12498 12735 12752 12803
	505 528 610 677 710 766 768 781 823 941 986 1320 1414 1432 1562 1601 1651 1690 3471 3513 3588 3644 3677 3678 3784 3840 4274 4296 4328 4331 4347 4380 4398 4518 4657 4727 4747 4826 6482 6665 6681 6694 6699 6745 6757 6772 6861 6876 6881 7255 7315 7386 7398 7414 7442 7517 7667 7721 7865 7986 9637 9671 9697 9713 9730 9814 9855 9911 10151 10155 10157 10159 10183 10198 10242 10271 10305 10327 10387 10483 10625 10687 10690 10693 11495 11658 11698 11733 11757 11763 11795 11859 11876 12155 12183 12211 12214 12281 12303 12374 12553 12673
	805 1500 1618 1806 1915 1927 1954 1972 1998 2019 2042 2043 2055 2082 2102 3867 3875 3883 3960 3972 4577 4884 4919 4955 4975 5001 5022 5038 5044 5061 5085 5103 6785 6798 6803 6968 6987 7628 7762 7836 7904 7945 7981 8025 8064 8070 9773 9822 9829 9908 9920 10337 10504 10642 10645 10702 10740 10778 10798 10861 10867 10894 10914 11743 11802 12301 12341 12369 12410 12486 12552 12624 12684 12720 12728 12782 12791 12848 12875 12893
	652 784 785 789 804 806 856 864 869 876 886 890 904 909 919 921 928 933 940 947 960 961 975 979 981 1005 1119 1122 1463 3714 3786 3788 3807 3851 3856 3862 3870 3876 3889 3890 3903 3905 3907 3919 3921 3927 3935 3950 3951 3964 3965 3967 3979 3982 3983 4008 4112 4124 4127 4512 4583 6807 6808 6813 6864 6871 6877 6888 6894 6908 6912 6919 6920 6925 6935 6938 6945 6950 6956 6965 6976 6977 6978 6991 6992 6995 7026 7130 7143 7454 7470 7530 7620 9755 9761 9763 9777 9799 9806 9811 9823 9830 9844 9858 9860 9861 9868 9871 9878 9886 9887 9893 9900 9901 9912 9915 9921 9929 9932 9941 9954 10038 10041 10056 10122 10399 10403 10472 10497 11739 11746 11747 11753 11759 11778 11784 11792 11796 11797 11810 11811 11826 11831 11839 11844 11848 11853 11860 11866 11867 11871 11880 11881 11883 11894 11897 11898 11907 11917 12013 12016 12096 12318 12376 12387 12416 12476
	426 481 585 618 683 700 712 714 717 719 728 731 735 742 745 748 750 757 759 765 775 1450 3413 3417 3435 3439 3443 3461 3464 3475 3487 3587 3597 3668 3672 3682 3711 3717 3720 3726 3734 3746 3748 3752 3760 3765 3774 3777 3779 4463 6417 6445 6463 6468 6486 6490 6516 6620 6689 6701 6702 6718 6730 6733 6736 6738 6741 6748 6750 6753 6755 6758 6760 6765 6768 6781 6783 6791 6794 6796 7554 7624 9415 9417 9426 9430 9440 9455 9581 9592 9594 9645 9688 9691 9694 9696 9705 9707 9709 9720 9722 9726 9735 9739 9742 9744 9753 11400 11403 11416 11418 11429 11434 11450 11559 11566 11579 11632 11633 11661 11668 11678 11681 11690 11693 11694 11696 11706 11724 11727 11729 11736
	814 828 881 900 934 952 972 1027 1034 1052 1069 1084 1104 1124 1134 1137 1154 1169 1180 1184 1188 1200 1203 1438 1489 1519 1531 1551 1575 1590 1608 1796 1811 1871 3814 3828 3830 3881 3900 3934 3955 4032 4037 4058 4071 4074 4089 4093 4137 4140 4157 4174 4181 4186 4190 4205 4208 4222 4469 4495 4514 4538 4555 4612 4634 4655 6828 6837 6852 6898 6904 6937 6969 6988 7000 7055 7089 7092 7105 7109 7160 7189 7545 7571 7575 7578 7633 7648 7674 9768 9776 9843 9873 9905 9927 9969 9971 9987 10000 10003 10018 10022 10043 10053 10068 10072 10102 10119 10331 10363 10367 10372 10397 10421 10426 10480 10499 10507 11752 11761 11801 11822 11855 11886 11933 11944 11962 11980 11996 12015 12026 12043 12045 12062 12069 12074 12078 12093 12300 12344 12348 12432 12448 12554
	517 531 556 1367 1395 1458 1630 1647 1778 1893 1933 1959 1976 1985 2006 2022 2028 2030 2087 2091 3427 3742 3745 4167 4256 4295 4313 4525 4783 4925 4939 4960 4986 5007 5025 5031 5048 5057 5076 5092 5100 6638 6999 7048 7158 7208 7240 7256 7301 7314 7397 7406 7418 7511 7631 7659 7727 7803 7911 7971 8026 8049 8055 8081 8102 8127 10132 10144 10257 10424 10451 10629 10724 10733 10770 10854 10880 10899 11865 12156 12274 12327 12331 12356 12403 12596 12609 12705 12706 12713 12750 12767 12776 12797 12820 12880 12882
	1698 1703 1708 1766 1783 1838 1844 1943 1970 2015 2074 4682 4704 4709 4714 4770 4788 4823 4828 4843 4849 4947 4973 5016 5087 5736 7693 7702 7732 7737 7790 7792 7850 7866 7949 8042 8086 8112 10315 10545 10614 10674 10691 10839 10885 10911 12119 12524 12526 12590 12598 12601 12656 12671 12737 12864
	993 998 1020 1024 1025 1051 1063 1067 1092 1097 1113 1117 1133 1136 1158 1165 1167 1182 1183 1191 1512 1642 3848 3962 4000 4027 4054 4067 4069 4094 4100 4102 4118 4122 4142 4153 4164 4172 4179 4184 4188 4197 4198 4576 4646 6870 6873 6994 7016 7046 7050 7072 7087 7102 7110 7113 7145 7157 7169 7178 7187 7197 7212 7217 7532 7595 9807 9859 9865 9950 9952 9965 9968 9985 9998 10011 10015 10020 10032 10052 10055 10092 10100 10125 10128 10444 10512 11847 11908 11925 11930 11946 11949 11960 11985 11989 11997 12006 12007 12028 12031 12032 12056 12072 12097 12352 12421 12493
	454 485 503 512 521 527 539 542 549 551 553 575 648 667 678 680 698 817 1346 3402 3447 3476 3493 3495 3506 3509 3523 3533 3534 3536 3546 3549 3552 3560 3579 3629 3646 3652 3666 3669 3671 3681 3758 5291 6449 6504 6518 6529 6531 6533 6536 6545 6547 6548 6569 6572 6585 6599 6688 6698 6949 9434 9472 9478 9490 9492 9495 9500 9503 9505 9507 9510 9523 9525 9534 9550 9559 9561 9578 9609 9625 9642 9644 9658 9725 9867 11420 11463 11465 11483 11488 11491 11502 11506 11508 11516 11518 11521 11535 11548 11549 11563 11606 11611 11613 11616 11628 11631 11642 11732 13011
	659 689 691 695 703 709 720 751 827 831 870 882 913 926 954 971 1441 1445 1453 1503 1523 1527 1528 1534 1559 1560 1564 1582 1586 1595 1604 1615 1621 1643 1646 1655 1678 1719 1734 1758 1760 1770 1831 1849 1866 1867 1881 1987 3685 3699 3766 3829 3853 3872 4029 4166 4402 4437 4442 4444 4449 4452 4464 4507 4508 4510 4522 4527 4531 4535 4540 4565 4567 4569 4590 4597 4601 4625 4650 4664 4691 4738 4807 4834 4854 4988 5205 6696 6710 6713 6737 6752 6767 6769 6782 6827 6855 6874 6890 6974 7306 7420 7449 7458 7464 7485 7524 7528 7536 7539 7543 7547 7551 7552 7555 7586 7599 7607 7611 7615 7626 7668 7776 7791 7797 7829 7831 7896 8014 8083 8110 9450 9653 9654 9657 9678 9682 9684 9724 9727 9746 9747 9760 9775 9796 9808 9810 9825 9880 9892 9910 10233 10281 10303 10333 10339 10341 10355 10370 10391 10393 10410 10448 10449 10457 10461 10477 10478 10516 10526 10586 10599 10615 10618 10657 10666 10717 10719 10727 10753 10824 10909 11589 11621 11635 11637 11641 11656 11667 11669 11685 11714 11717 11731 11760 11776 11788 11791 11890 11971 12305 12312 12313 12328 12346 12357 12361 12365 12368 12398 12401 12418 12429 12437 12456 12458 12463 12489 12497 12501 12550 12568 12577 12588 12597 12637 12646 12670 12693 12697 12709 12778 
	219 253 311 351 377 407 3205 3274 3311 6268 6318 6335 6363 6384 6399 9269 9285 9315 9332 9364 9379 9397 11270 11297 11299 11317 11332 11361 11382
	1257 1882 1918 2045 2053 2099 4375 4403 4407 4536 4888 4914 4964 5018 5080 5102 5193 7270 7940 7988 7997 8018 8037 8041 8059 8104 9966 10490 10741 10750 10787 10796 10817 10834 10856 10865 10903 11448 12724 12732 12815 12837 12846 12890 12899 
	591 596 599 606 614 619 624 630 665 797 833 867 907 914 937 953 974 982 984 3448 3592 3596 3601 3609 3614 3617 3623 3627 3631 3654 3833 3865 3868 3882 3884 3896 3922 3924 3939 3943 3956 3974 3984 3985 6611 6614 6619 6626 6634 6643 6647 6650 6672 6799 6886 6889 6900 6913 6940 6942 6953 6957 6970 6983 6998 9586 9588 9591 9595 9596 9599 9602 9608 9611 9621 9627 9756 9780 9809 9821 9849 9874 9875 9890 9894 9906 9914 9922 11564 11572 11574 11577 11580 11581 11583 11586 11594 11595 11612 11735 11741 11762 11767 11787 11816 11832 11845 11856 11857 11858 11868 11872 11887 11899 11901
	841 849 863 895 922 936 966 976 1106 1109 1173 1205 3401 3526 3844 3864 3879 3893 3914 3936 3973 3980 3988 4078 4109 4178 4193 6550 6895 6930 6990 7096 7127 7211 8435 9791 9805 9833 9837 9916 9930 10163 10203 11774 11786 11818 11829 11842 11895 11905 11965 12001
	414 565 577 637 649 657 660 674 687 723 744 793 818 878 893 935 949 965 3076 3407 3577 3630 3636 3639 3645 3663 3701 3704 3707 3724 3728 3741 3796 3819 3908 3937 3952 3971 6584 6600 6652 6658 6667 6677 6695 6706 6727 6729 6743 6747 6761 6814 6842 6857 6923 6952 6967 6982 9548 9610 9612 9614 9617 9635 9651 9683 9701 9716 9769 9771 9783 9818 9862 9888 9902 9919 11534 11588 11597 11603 11605 11619 11636 11652 11655 11657 11672 11686 11689 11705 11754 11813
	131 159 200 284 3150 3159 3178 3273 3373 6046 6062 6104 6196 6205 6300 6320 6350 6385 6395 9075 9090 9161 9237 9314 9350 9383 9392 11055 11064 11136 11161 11207 11218 11266 11306 11378
	276 285 303 337 369 385  3242 3329 3342 3359 3379 3396 6289 6313 6405 7377 7394 9255 9284 9303 9310 9321 9369 9405 11237 11238 11257 11267 11287 11293 11303 11334 11371
	68 391 480 516 3211 3262 3314 3488 3516 3576 6241 6286 6336 6446 6496 6500 6537 6560 6583 6598  9309 9335 9363 9403 9418 9431 9444 9498 9536 9574 11318 11407 11419 11456 11519 11562 13068 13081
	590 595 620 625 629 641 651 655 669 743 752 755 760 762 764 769 778 780 911 929 943 956 958 3589 3594 3598 3621 3626 3650 3655 3659 3740 3749 3751 3754 3762 3764 3768 3770 3771 3915 3928 3946 3948 3959 3961 6609 6613 6618 6621 6639 6644 6648 6651 6657 6668 6759 6762 6766 6770 6773 6775 6777 6784 6786 6789 6792 6915 6917 6931 6960 6962 6975 9590 9593 9597 9603 9607 9629 9631 9710 9717 9723 9728 9732 9734 9736 9737 9745 9748 9751 9853 9882 9884 9898 9909 11565 11573 11576 11582 11593 11596 11600 11697 11699 11702 11709 11711 11713 11716 11718 11720 11794 11834 11849 11869 11875 11877 12169
	475 642 756 1216 1220 1223 1229 1239 1243 1247 1272 1276 1287 1303 1309 1312 1314 1331 1360 1363 1371 1375 1382 1384 1391 1402 1418 1429 1459 1479 1483 1493 1517 1532 1554 1573 1576 1591 1593 1614 1623 1632 1649 1662 1668 1675 1680 1694  1749 1818 1825 1840 1864 1879 1919 2058 3593 4224 4227 4232 4238 4250 4254 4277 4281 4294 4300 4303 4309 4316 4333 4337 4340 4369 4374 4376 4389 4391 4394 4467 4482 4488 4492 4499 4523 4542 4549 4563 4578 4581 4595 4599 4618 4620 4629 4636 4638 4651 4661 4670 4674 4685 4686 4764 4768 4773 4845 4850 4867 4923 4958 5003 5062 7224 7233 7243 7298 7313 7317 7326 7332 7335 7337 7341 7350 7354 7357 7370 7383 7392 7405 7407 7410 7425 7429 7477 7486 7491 7501 7507 7541 7556 7560 7563 7597 7600 7618 7635 7639 7641 7657 7682 7706 7708 7711 7741 7775 7777 7784 7795 7856 7874 7890 7924 8027 8099 9605 10131 10140 10146 10148 10161 10164 10168 10179 10187 10196 10202 10205 10211 10218 10220 10235 10239 10253 10262 10264 10268 10275 10277 10284 10290 10292 10295 10308 10312 10348 10353 10357 10359 10366 10395 10406 10408 10414 10417 10420 10435 10452 10470 10485 10488 10506 10508 10510 10530 10547 10550 10584 10601 10603 10610 10619 10630 10633 10653 10660 10671 10680 10742 11687 11701 12108 12111 12115 12121 12139 12143 12152 12161 12163 12170 12177 12179 12185 12194 12198 12218 12227 12229 12233 12235 12239 12250 12254 12257 12266 12285 12294 12324 12329 12333 12340 12359 12370 12383 12385 12397 12427 12430 12454 12465 12471 12474 12487 12491 12511 12529 12564 12581 12583 12594 12616 12619 12635 12640 12658 12662 12722 12805 13008   13197
	850 853 1663 1740 1756 1789 1793 1832 1862 3781 3834 4521 4607 4668 4736 4742 4778 4796 4799 4816 4865 6897 7747 7756 7764 7818 7821 7827 7845 7879 7920 8115 9616 9695 10422 10556 10573 10582 10591 10602 10651 10662 10672 10783 11814 12124 12134 12399 12425 12535 12573 12607 12699 12765
	868 1352 1658 1683 1736 1738 1747 1752 1753 1767 1809 1815 1827 1836 1851 1854 1857 1870 1875 3613 3708 3719 3750 3855 3869 4586 4610 4723 4740 4741 4749 4757 4759 4760 4772 4794 4811 4814 4820 4830 4838 4839 4857 4860 4863 4871 4880 6722 6742 6887 7684 7688 7745 7760 7771 7779 7780 7814 7834 7840 7852 7862 7877 7880 7883 7888 7892 7999 9792 9802 10340 10532 10535 10569 10587 10588 10593 10595 10606 10624 10640 10676 10685 10706 10709 10711 11712 11772 12024 12513 12516 12561 12566 12570 12572 12585 12586 12620 12627 12633 12642 12651 12667 12676 12685 
}

#Example: Inland Europe & Scandinavia
normal_winter = {
 10 14 21 27 53 65 100 102 107 111 115 122 133 137 144 179 188 199 3007 3018 3021 3022 3049 3059 3090 3093 3094 3096 3098 3105 3114 3129 3136 3171 3180 3183 3188 3192 6038 6041 6042 6072 6080 6114 6115 6116 6118 6136 6145 6151 6160 6173 6176 6184 6204 6216 9032 9036 9047 9069 9096 9103 9127 9132 9135 9139 9157 9170 9174 9196 9204 9216 9227 9296 11028 11029 11037 11078 11100 11101 11113 11118 11135 11151 11173 11176 11184 11198 11206 11367
 238 409 418 429 434 441 453 458 462 463 472 476 486 488 489 501 502 504 511 522 523 525 546 547 550 559 568 570 574 582 588 705 721 737 741 754 767 3225 3399 3403 3409 3421 3430 3449 3452 3455 3457 3466 3468 3470 3479 3480 3491 3494 3508 3511 3520 3531 3542 3543 3557 3568 3570 3573 3575 3584 3686 3722 3738 3755 3757 3767 6420 6423 6429 6451 6455 6458 6474 6478 6480 6493 6495 6497 6505 6507 6508 6509 6519 6530 6532 6554 6565 6578 6589 6593 6596 6597 6605 6704 6724 6771 6776 9413 9419 9423 9433 9435 9437 9446 9451 9461 9463 9465 9466 9476 9477 9479 9481 9491 9493 9506 9519 9531 9533 9543 9556 9566 9568 9571 9573 9576 9677 9680 9698 9712 9714 9718 9729 11397 11405 11409 11422 11424 11425 11437 11438 11452 11454 11461 11462 11464 11477 11487 11489 11490 11504 11513 11514 11530 11541 11546 11553 11557 11561 11649 11670 11683 11700 11703 11715
 215 216 223 236 246 274 288 289 294 304 306 315 323 331 335 342 343 352 360 371 382 386 398 3203 3210 3219 3226 3247 3263 3267 3278 3279 3293 3297 3306 3308 3313 3331 3335 3345 3350 3362 3364 3377 3378 3390 3507 3759 6220 6232 6233 6243 6249 6252 6273 6292 6305 6319 6326 6330 6344 6354 6365 6371 6373 6386 6387 6411 6556 9241 9247 9249 9253 9261 9272 9288 9289 9301 9318 9323 9342 9351 9371 9382 9396 9399 9554 11216 11220 11229 11230 11235 11241 11254 11271 11284 11290 11298 11300 11313 11322 11325 11336 11353 11355 11369 11370 11383 11384 11453
 8 36 39 40 57 70 71 79 80 85 86 90 92 93 94 95 104 110 117 126 134 149 150 152 155 157 170 172 176 181 187 194 207 226 248 287 320 333 344 354 387 415  2994 2998 2999 3008 3033 3035 3053 3067 3071 3072 3078 3084 3085 3089 3101 3110 3120 3140 3142 3143 3144 3151 3163 3176 3189 3215 3235 3310 3321 3323 3333 3344 6021 6022 6029 6035 6057 6070 6086 6090 6094 6095 6096 6098 6106 6122 6131 6139 6154 6159 6169 6172 6174 6175 6197 6203 6225 6242 6245 6264 6293 6303 6324 6346 6367 6400 9045 9046 9055 9060 9074 9078 9082 9097 9098 9107 9111 9118 9119 9120 9144 9153 9164 9177 9184 9190 9195 9197 9198 9212 9231 9234 9242 9254 9256 9265 9287 9319 9331 9333 9343 9353 9386 9408 11032 11045 11048 11054 11059 11068 11072 11080 11083 11084 11092 11093 11094 11096 11097 11109 11131 11139 11146 11150 11153 11154 11159 11165 11174 11175 11181 11186 11191 11202 11212 11224 11234 11250 11259 11272 11304 11315 11326 11349 11392 
 783 800 810 836 846 861 887 892 916 927 930 944 945 946 964 973 987 1150 1499 1502 1508 1545 1558 1567 1571 1588 1627 1638 1645 1693 1732 1776 1847 3783 3791 3815 3839 3843 3849 3877 3888 3895 3913 3929 3932 3944 3947 3949 3970 3978 4503 4506 4551 4561 4572 4592 4633 4642 4649 4745 4809 4852 4876 5427 6804 6806 6811 6851 6860 6863 6868 6893 6905 6910 6918 6947 6951 6964 6981 7523 7526 7569 7582 7591 7613 7652 7663 7670 7697 7743 7767 7812 7832 7848 7873 7894 7897 9623 9759 9766 9781 9782 9788 9798 9803 9831 9835 9841 9848 9854 9866 9883 9885 9897 9913 9928 10215 10368 10376 10379 10429 10433 10463 10503 10519 10521 10541 10567 10612 10638 10675 10698 11744 11764 11771 11781 11808 11815 11823 11836 11850 11862 11864 11893 11903 11906 12337 12342 12355 12412 12443 12469 12478 12482 12485 12500 12537 12548 12618 12690 13150
 1948 1995 2017 2062 2078 2101 4893 4949 5020 5064 5082 7448 7519 7584 7916 7984 8053 8090 10476 10737 10781 10789 10826 10852 10896 12248 12314 12653 12769 12788 12831 12871 12877
 848 852 898 906 912 959 978 1003 1054 1081 1100 1148 1177 3803 3852 3860 3904 3912 3981 4004 4052 4056 4086 4103 4107 4126 6822 6922 6928 6944 6963 7021 7070 7121 7125 7155 7171 7175 7204 7221 9790 9795 9899 9918 9936 9981 10036 10065 10083 10085 10110 10115 11770 11775 11828 11835 11878 11896 11912 11915 11948 11958 11977 11992 12011 12040 12060 12085 12089
 11 46 49 58 61 77 101 109 113 114 118 125 130 145 148 151 156 168 182 184 190 201 202 205 3003 3005 3039 3044 3045 3054 3062 3070 3095 3100 3104 3108 3111 3113 3138 3148 3162 3173 3179 3191 6010 6023 6024 6055 6063 6067 6074 6083 6093 6123 6125 6126 6129 6132 6147 6152 6155 6161 6165 6168 6170 6185 6200 6206 6207 6208 9035 9051 9066 9068 9083 9088 9093 9095 9108 9117 9134 9141 9143 9147 9148 9151 9154 9171 9173 9175 9178 9182 9186 9193 9211 9220 9226 9229 11026 11040 11049 11052 11053 11058 11060 11067 11069 11073 11091 11102 11112 11116 11120 11123 11129 11147 11148 11152 11155 11185 11187 11190 11197 11201 11208 11209   
 421 424 445 469 494 541 543 555 557 569 581 583 3414 3418 3462 3484 3537 3550 3553 3565 3569 3581 3583 3585 3716 5283 6418 6440 6470 6485 6561 6562 6573 6576 6586 6590 6592 6604 7857 9414 9421 9429 9537 9539 9541 9551 9555 9567 9569 9692 11401 11414 11432 11511 11522 11525 11539 11542 11554 11556 11679
 646 662 676 679 682 684 686 690 693 696 699 701 711 713 716 727 730 746 3548 3649 3665 3670 3676 3680 3683 3689 3694 3696 3709 3713 3730 3731 6571 6670 6679 6682 6685 6697 6700 6703 6709 6711 6714 6716 6720 6731 6735 6751 9563 9606 9619 9624 9640 9643 9656 9660 9668 9670 9672 9676 9685 9687 9690 9704 9706 11520 11536 11592 11608 11610 11622 11625 11627 11639 11644 11646 11659 11663 11676 11691 
 83 185 222 265 308 310 319 327 341 496 530 567 592 3074 3152 3174 3194 3255 3272 3288 3296 3298 3319 3337 3354 3388 3525 4640 6099 6178 6201 6222 6229 6281 6296 6314 6322 6342 6360 6376 6381 6407 6408 6459 7482 9079 9221 9240 9246 9262 9275 9317 9340 9357 9374 9404 9438 9483 9485 9499 9501 9731 10323 10493 11057 11127 11222 11226 11246 11291 11302 11312 11358 11426 11443 11498 
 17 243 266 279 281 334 348 362 388 389 395 402 417 442 466 467 493 506 524 548 562 584 3230 3295 3324 3351 3380 3381 3384 3410 3458 3460 3482 3497 3532 3544 3586 6259 6321 6332 6347 6375 6401 6402 6416 6464 6499 6511 6522 6558 6567 9263 9290 9316 9327 9346 9372 9398 9400 9412 9427 9439 9508 9532 9546 11232 11245 11265 11385 11386 11398 11413 11428 11430 11492 11507 11515 11532 11558 12562 13205
 241 247 309 316 317 332 336 374 394 399 405 495 526 3206 3231 3234 3260 3271 3277 3305 3325 3326 3341 3355 3368 3374 3395 3398 6218 6235 6257 6263 6287 6298 6325 6349 6361 6364 6377 6389 6393 6513 6535 6622 9238 9264 9281 9320 9347 9375 9443 9509 11233 11251 11264 11331 11346 11360 11366 11388 11402 11431 11468 11493
 519 529 532 561 563 564 571 586 587 589 692 694 707 708 3299 3397 3423 3444 3474 3512 3524 3530 3541 3547 3558 3571 3574 3679 3688 3690 3692 3705 6421 6444 6469 6488 6540 6542 6549 6555 6568 6570 6581 6594 6693 6712 6725 6934 9416 9482 9486 9515 9517 9522 9524 9545 9547 9557 9572 9575 9652 9655 9666 9681 11404 11417 11435 11445 11470 11486 11494 11497 11499 11529 11531 11533 11544 11547 11560 11620 11638 11640 11653 13116 
 268 293 321 349 375 425 444 478 479 482 514 537 538 552 573 3207 3258 3283 3312 3340 3367 3438 3473 3485 3499 3500 3510 3514 3522 3535 3545 3561 3572 6236 6282 6309 6334 6390 6441 6462 6487 6501 6512 6521 6524 6534 6559 6582 6595 9252 9277 9294 9306 9334 9361 9387 9388 9428 9441 9456 9457 9470 9471 9496 9497 9511 9535 9560 9570 11219 11260 11276 11288 11305 11316 11343 11359 11372 11415 11444 11467 11478 11481 11505 11517 11545
 233 277 290 318 347 358 400 406 422 438 474 491 513 535 536 560 572 3254 3256 3281 3309 3320 3366 3392 3393 3412 3434 3483 3496 3521 3556 3559 3562 3743 6280 6306 6340 6359 6413 6415 6431 6435 6460 6483 6484 6520 6546 6557 6579 6580 9236 9274 9295 9304 9341 9359 9425 9452 9454 9468 9494 9520 9521 9544 9558 11247 11274 11285 11301 11329 11341 11342 11357 11391 11399 11411 11427 11441 11466 11479 11503 11528 11543 11550
 7 32 37 52 63 66 67 82 120 132 136 139 141 158 165 169 193 195 204  3009 3013 3025 3030 3050 3060 3061 3068 3073 3083 3115 3117 3119 3122 3125 3131 3133 3137 3149 3161 3172 3185 3187 6009 6013 6033 6047 6052 6066 6078 6081 6082 6108 6134 6138 6141 6144 6146 6150 6153 6156 6163 6186 6198 6210 6212 9038 9056 9061 9073 9094 9100 9104 9105 9106 9129 9150 9156 9160 9163 9166 9167 9169 9176 9181 9183 9194 9206 9219 9233 11024 11033 11041 11043 11046 11056 11065 11066 11076 11079 11081 11105 11121 11126 11132 11138 11141 11144 11156 11162 11172 11199 11210 11211     
 6258 408 9228
 598 634 706 715 718 733 734 859 905 908 1282 1284 1338 1354 1424 1436 1619 3602 3702 3710 3712 3715 3732 3733 3747 3806 3878 3894 3906 4285 4287 4305 4342 4345 4360 4362 4417 4422 4430 4432 4445 4623 6707 6717 6719 6732 6778 6795 6909 6911 6916 7289 7291 7304 7345 7361 7379 7433 7462 7629 7644 9601 9664 9673 9675 9693 9708 9721 9754 9774 9832 9847 9850 10174 10230 10244 10247 10318 10320 10381 10481 11650 11654 11660 11662 11665 11680 11722 11830 12149 12202 12221 12289 12291 12459   
 664 675 681 725 739 753 837 855 957 1267 1325 1343 1397 1504 1724 1730 1739 1742 1755 1772 1802 1807 1842 1845 3664 3695 3723 3739 3753 3756 3787 3811 3963 3977 4246 4290 4404 4701 4725 4731 4779 4805 4829 4841 4844 4847 6684 6686 6715 6774 6833 6838 6961 6989 7249 7266 7309 7616 7672 7691 7748 7754 7763 7785 7801 7851 7868 7871 9589 9604 9639 9641 9659 9733 9749 9762 9895 9926 10466 10571 10577 10590 10655 10678 10722 11575 11624 11626 11629 11643 11719 11745 11750 11765 11777 11879 11904 12136 12189 12192 12261 12263 12543 12559 12569 12591 12638 12654 12657 12660 12678
 2 12 62 97 121 164 208 212 214 231 232 252 256 257 261 269 270 275 280 283 297 300 301 302 313 314 324 328 330 340 346 350 356 357 366 367 368 376 378 380 384 396 397 401 413 437 457 471 473 510 534 558 580 3077 3116 3190 3199 3202 3220 3221 3224 3236 3240 3245 3250 3257 3259 3261 3266 3268 3275 3285 3290 3291 3292 3302 3303 3317 3318 3322 3327 3332 3339 3346 3347 3349 3352 3356 3358 3360 3370 3371 3376 3383 3387 3389 3391 3469 3492 3504 3527 3554 3566 3567 3580 6056 6101 6135 6143 6149 6167 6215 6230 6231 6247 6248 6254 6262 6269 6279 6283 6284 6290 6291 6295 6299 6304 6315 6316 6317 6327 6329 6333 6341 6343 6348 6353 6355 6356 6358 6362 6369 6370 6374 6380 6382 6391 6392 6396 6398 6409 6410 6414 6428 6432 6477 6481 6494 6517 6543 6553 6577 6587 6591 6603 9033 9122 9159 9188 9235 9245 9257 9258 9260 9266 9267 9273 9276 9278 9282 9286 9291 9298 9302 9311 9312 9313 9324 9325 9328 9330 9339 9344 9345 9348 9355 9356 9358 9360 9366 9367 9368 9376 9378 9380 9384 9389 9394 9395 9407 9409 9411 9422 9424 9448 9449 9489 9518 9529 9542 9552 9579 11039 11099 11134 11166 11205 11214 11217 11227 11236 11239 11240 11242 11244 11248 11252 11258 11262 11268 11269 11275 11277 11282 11283 11294 11295 11296 11309 11310 11314 11323 11324 11330 11335 11337 11338 11340 11344 11347 11351 11362 11363 11364 11368 11375 11379 11381 11393 11394 11396 11412 11436 11439 11475 11500 11526 11540 
 227 298 326 338 339 353 365 393 410 432 433 449 452 464 468 470 477 483 484 487 497 498 499 500 508 509 518 520 533 544 545 554 566 576 578 579 615 1210 1254 1290 1318 1350 1378 3216 3265 3304 3316 3330 3343 3357 3385 3404 3406 3426 3431 3459 3465 3467 3477 3478 3486 3489 3490 3502 3503 3505 3515 3517 3518 3519 3529 3538 3539 3540 3551 3555 3563 3578 3582 3618 3622 4322 4324 4351 6275 6328 6339 6366 6379 6404 6424 6430 6450 6454 6473 6479 6491 6492 6498 6502 6503 6506 6514 6515 6523 6525 6527 6528 6539 6541 6544 6551 6563 6564 6566 6574 6575 6588 6601 6602 6615 7322 7343 7438 9243 9271 9299 9326 9337 9352 9365 9391 9420 9432 9436 9442 9445 9447 9453 9459 9460 9462 9464 9469 9473 9474 9475 9487 9488 9502 9504 9513 9516 9526 9528 9530 9538 9540 9549 9564 9565 9577 10299 11225 11256 11281 11308 11321 11348 11377 11395 11408 11421 11423 11433 11442 11447 11449 11451 11455 11457 11458 11459 11460 11469 11472 11473 11474 11476 11480 11482 11484 11485 11501 11510 11512 11523 11524 11527 11537 11538 11551 11552 11555 11578 11591 12128 12242 12270 12298
}

#Example: Russia & Lappland
severe_winter = {
 373 490 602 605 722 749 774 777 779 983 1299 1341 1356 1426 1657 1712 1764 1769 1782 1785 3208 3605 3608 3635 3640 3661 3691 3763 3775 3778 3911 4270 4419 4666 4720 4769 4775 4784 4787 4869 4875 6510 6607 6610 6625 6630 6662 6676 6740 6797 7364 7366 7435 7683 7758 7788 7794 7807 7810 7813 7875 7893 7899 9467 9480 9580 9583 9585 9634 9667 9711 9740 9743 10176 10249 10534 10621 10700 10715 10718 11567 11569 11571 11585 11602 11682 11695 11725 11728 11902 12147 12205 12223 12276 12278 12503 12505 12582 12600 12680 12698 12701 13094 13196
 515 736 761 763 917 1262 1323 1347 1393 1408 1411 1671 1737 1763 1788 1799 1804 1848 1858 1872 1873 2407 2947  3010 3481 3498 3606 3706 3721 3736 3769 3800 4218  4343 4385 4413 4426 4428 4678 4695 4739 4753 4765 4790 4870 4872 4877 5119 5239  6726 6728 6754 6779 7185 7348 7677 7696 7718 7753 7761 7766 7782 7787 7820 7830 7853 7858 7869 7891 7901   9615 9669 10228 10258 10273 10527 10548 10552 10585 10605 10611 10644 10656 10684 10703 10721 11440 12145 12166 12231 12508 12534 12571 12578 12593 12603 12636 12663 12682 12688 13075            
 237 278 361 1334 1406 3280 4215 4261 4265 4311 4383 4411 4758 7281 7300 7320 7328 7373 7401 10136 10142 10185 10224 10256 10329 11223 11307 12117 12200
 307 1233 1292 1294 1327 1387 1543 1659 1704 1709 1744 1750 1771 1775 1800 1808 1812 1821 1835 1841 1880 3472 4209 4242 4659 4700 4710 4715 4746 4754 4774 4780 4813 4824 4846 6787 7228 7285 7681 7733 7768 7774 7778 7796 7800 7833 7846 7867 7895 9292 9512 9553 10133 10170 10189 10213 10542 10568 10592 10600 10604 10620 10626 10648 10659 10670 10696 10716 10720 12102 12106 12157 12287 12390 12521 12546 12567 12580 12584 12602 12630 12652 12696 12700
 96 1664 1684 1726 1729 1757 1768 1784 1856 2900 2923 2972 3169 3336 3415 4669 4692 4730 4733 4761 4771 4812 4817 4859 6085 7685 7689 7738 7781 7809 7837 7882 8461 9142 9224 10533 10536 10561 10564 10607 10635 10663 10692 11122 11261 11328 12514 12517 12542 12545 12574 12639 12643 12672 12687 13060 13064 13065
 3 6 18 23 26 60 72 75 81 84 87 89 99 105 106 108 127 129 135 138 140 143 154 160 163 166 174 180 183 186 196 198 312 1295 1307 2996 3000 3031 3056 3057 3064 3065 3075 3079 3080 3081 3086 3087 3091 3092 3099 3124 3130 3135 3147 3154 3155 3157 3160 3164 3166 3168 3175 3338 4298 4874 6016 6017 6034 6040 6051 6073 6075 6077 6088 6091 6097 6100 6102 6105 6109 6112 6113 6119 6121 6158 6166 6177 6180 6182 6189 6190 6192 6193 6199 6202 6538 7318 7330 7712 7824 7898 9041 9043 9099 9101 9102 9110 9113 9121 9124 9130 9131 9133 9136 9145 9168 9187 9199 9200 9202 9205 9207 9210 9213 9222 9225 9230 9248 10207 10216 10551 10579 10677 10723 11027 11035 11036 11038 11042 11047 11061 11062 11071 11074 11075 11086 11089 11095 11098 11103 11107 11119 11137 11143 11168 11171 11177 11178 11179 11180 11182 11189 11200 11203 11213 12393 12502 12530 12558 12659 13076
 1297 1369 1674 1679 1685 1697 1702 1718 1733 1741 1765 1777 1779 1780 1790 1794 1797 1816 1824 1828 1837 1850 1860 4366 4665 4681 4687 4690 4711 4724 4734 4743 4767 4781 4782 4785 4789 4793 4800 4803 4806 4818 4827 4831 4840 4842 4853 4866 7274 7655 7680 7687 7701 7707 7722 7744 7750 7757 7789 7793 7805 7815 7822 7825 7849 7861 7863 7886 10529 10531 10537 10544 10546 10555 10576 10580 10613 10617 10631 10639 10649 10652 10673 10686 10705 10712 10713 11410 12174 12509 12510 12515 12528 12536 12555 12563 12595 12599 12606 12613 12615 12621 12628 12631 12655 12666 12679 12691
 1676 1689 1723 1725 1728 1743 1774 1781 1787 1791 1798 1834 1853 1855 1859 1868 1877 4680 4697 4729 4732 4751 4777 4786 4792 4801 4856 4858 4862 4873 4882 7676 7703 7717 7731 7749 7752 7773 7799 7804 7806 7808 7819 7823 7843 7864 7870 7881 7885 10539 10554 10558 10560 10563 10575 10578 10597 10623 10627 10632 10634 10646 10647 10669 10689 10695 10704 10708 12520 12533 12539 12541 12544 12557 12579 12605 12610 12612 12614 12625 12629 12649 12665 12669 12675 12686 12695
 603 607 611 628 636 653 656 658 661 663 668 671 673 688 704 732 770 771 773 776 969 3604 3612 3641 3657 3660 3662 3673 3674 3675 3684 3700 3703 3718 3772 3776 3780 3782 6552 6631 6635 6656 6661 6666 6673 6675 6678 6680 6683 6687 6690 6691 6708 6723 6739 6780 6788 9527 9582 9584 9587 9598 9600 9613 9618 9620 9622 9630 9633 9636 9638 9646 9648 9650 9661 9665 9679 9738 9741 11568 11570 11584 11587 11590 11598 11601 11604 11615 11618 11623 11630 11634 11651 11666 11723 11726 11730 11734 11891 
 10245 10636 12512 13058 13066
 31 45 73 88 112 119 123 146 175 189 206 228 260 272 273 282 286 291 292 305 325 345 355 359 370 372 381 390 392 403 404 1258 1278 1305 1336 1365 1380 1754 3004 3017 3027 3041 3066 3102 3103 3112 3127 3139 3146 3167 3177 3186 3196 3197 3214 3246 3251 3264 3269 3270 3276 3282 3289 3294 3300 3315 3328 3334 3348 3361 3363 3365 3372 3382 3394 4283 4314 4326 4354 4356 4372 4400 4802 6025 6089 6110 6124 6133 6162 6171 6191 6213 6217 6224 6226 6246 6253 6274 6278 6285 6288 6294 6297 6302 6307 6308 6312 6323 6337 6338 6352 6357 6368 6372 6383 6388 6394 6403 7237 7346 7359 7375 7403 7416 7431 7444 9050 9065 9114 9146 9155 9172 9180 9192 9214 9232 9244 9259 9270 9280 9283 9293 9305 9307 9336 9338 9349 9354 9370 9373 9381 9385 9390 9401 9402 9514 10200 10226 10286 10301 10314 11025 11051 11087 11110 11111 11124 11133 11149 11158 11170 11192 11193 11195 11228 11243 11255 11263 11273 11286 11292 11319 11320 11339 11352 11354 11356 11365 11373 11387 11389 11496 12130 12172 12175 12187 12203 12216 12244 12527 12587 12626
 654 666 670 672 685 772 1455 1467 1530 1536 1539 1599 1610 3564 3653 3656 3658 3667 3698 4458 4473 4477 4534 4545 4605 4614 4660 6436 6642 6669 6671 6674 6692 6721 6763 6997 7495 7661 9626 9628 9632 9647 9649 9663 9674 9702 9715 11599 11609 11614 11617 11645 11647 11664 11674 11704 11708 12309 12320 12380 12434 12441 12450 
 4861 12674 12689 
 1214 7259 1420 12259 12272 1869
 1135 1830 4833 4848 7855 7884 10679 10694 10707 12661 13069 13090 13091 13202 13203
 1666 1672 1696 1707 1714 1722 1727 1735 1745 1748 1761 1762 1792 1795 1803 1805 1810 1813 1819 1823 1826 1829 1839 1852 1863 1865 1876 1878 2853 2877 3184 4006 4229 4455 4675 4677 4703 4705 4716 4719 4726 4728 4737 4744 4750 4752 4762 4766 4795 4797 4798 4808 4810 4815 4821 4832 4835 4837 4855 4868 4878 4881 5264 6211 7713 7725 7726 7736 7746 7751 7759 7765 7769 7772 7786 7802 7816 7817 7828 7835 7838 7841 7844 7854 7860 7876 7878 7889 7902 10524 10528 10540 10543 10549 10557 10559 10562 10565 10570 10572 10574 10583 10589 10596 10598 10608 10628 10641 10643 10654 10658 10661 10664 10667 10681 10683 10688 10699 10701 10714 11607 12207 12506 12507 12518 12522 12523 12525 12531 12538 12540 12549 12551 12556 12565 12575 12592 12608 12611 12622 12623 12634 12641 12644 12647 12650 12668 12681 12683 12694 13059 13061 13062 13063  13204
 15 30 74 98 103 116 124 142 162 167 178 197 203 2992 3012 3026 3055 3069 3097 3107 3121 3134 3153 3156 3158 3170 3193 6012 6045 6061 6076 6087 6117 6128 6137 6140 6142 6157 6179 6181 6183 6194 9039 9059 9112 9115 9123 9140 9158 9162 9165 9179 9189 9201 9203 9215 9217 9223 11030 11031 11085 11088 11115 11117 11125 11128 11130 11140 11142 11164 11167 11183 11196 11204
 22 38 44 64 76 91 128 173 192 2995 3016 3034 3040 3048 3058 3082 3088 3126 3132 3145 6015 6071 6079 6092 6107 6111 6130 6187 6214 9042 9064 9089 9116 9126 9128 9191 9208 11034 11050 11063 11077 11090 11104 11157 11169
 1910 1961 1991 2010 2014 2041 2093 2098 4386 4900 4987 4994 5011 5033 5042 5094 5310 7273 7316 7374 7926 8005 8029 8068 8121 10755 10802 10821 10825 10905 10910 10918 12754 12784 12801 12807 12884 12892 
}

impassable = {

12626 12638 12647 13205 13403 14194 14226 14233 14246 14256 14263 14265 14342 14746 14747 14748 14749 14750 14751 14752 14753 14754 14755 14756 14757 14758 14759 14760 14761 14762 14763 14764 14765
14766 14767 14768 14769 14770 14771 14772 14776 14777 14778 14779 14780 14781 14782 14783 14786 14787 14788 14789 14790
14791 14792 14793 14794 14806 14815
	
}

mild_monsoon = {
	
}

normal_monsoon = {
	
}

severe_monsoon = {
	
}

equator_y_on_province_image = 656