##################################################################
### Terrain Categories
###
### Terrain types: plains, mountains, hills, desert, artic, forest, jungle, marsh, pti
### Types are used by the game to apply certain bonuses/maluses on movement/combat etc.
###
### Sound types: plains, forest, desert, sea, jungle, mountains

categories =  {
	pti = {
		type = pti
	}

	ocean = {
		color = { 255 255 255 }

		sound_type = sea
		is_water = yes

		movement_cost = 1.0
	}

	inland_ocean = {
		color = { 0 0 200 }

		sound_type = sea
		is_water = yes
		inland_sea = yes

		movement_cost = 1.0
	}	
	river = {
		movement_cost = 1.0
		is_water = yes
		inland_sea = yes
		sound_type = sea
		terrain_override = {
		}
	}

	glacier = {
		color = { 235 235 235 }

		sound_type = desert

		defence = 1
		movement_cost = 1.25
		supply_limit = 2		
		local_development_cost = 0.5
		nation_designer_cost_multiplier = 0.75		
		
		terrain_override = {		
			8461 96 3336 2972 13064 11261 12549 3184 4006 1819 13062 5264 13061 2923 4859 4733 10564 3415 4669 198 11047 4455 12545 9142 1684 12530 
		}
	}

	farmlands = {
		color = { 179 255 64 }

		type = plains
		sound_type = plains

		movement_cost = 1.10
		local_development_cost = -0.05
		supply_limit = 10
		allowed_num_of_buildings = 1
		nation_designer_cost_multiplier = 1.05
		
		terrain_override = {
			1065 1201 4206 1086 4088 3509 3523 11521 539 11508 9510 11616 3495 9495 527 9550 6449 3579 9578 553 6599 11535 3549 6547 3534 9492 6533 9507 9725 9523 11506 9534 6569 9434 11563 485 11420 9500 11548 575 3476 3536 11483 6504 11606 3447 3402 9561 454 6585 11491 11518 6949 11549 13011 9472 3546 3560 9418 11407 9444 11519 3516 13081 9536 3576 6560 6446 480 9431 9498 68 3211 391 3314 6598 516 13068 9574 3262 11419 6496 6500 11562 6537 11456 6241 6286 6336 9335 11318 9309 9403 9363 3488 5291 11488 9658 6698 9642 817 3650 641 11794 648 11628 3652 6531 680 9505 6545 11732 551 3533 3669 9490 3506 9625 667 3681 9644 512 6688 6518 3493 9629 11631 9478 11463 503 11465 6536 542 3552 6572 9525 9867 11613 9631 11600 655 6657 3659 11596 669 3671 11582 9597 595 3598 625 629 11869 651 3626 6651 3655 11611 6644 9609 11576 6613 9607 6648 3621 620 6618 9751 11720 11565 6792 9734 6775 11699 12169 929 3749 11702 755 11718 3771 6773 3754 752 3948 6766 943 9723 6917 3946 6960 9898 6962 3751 11709 760 11877 11849 958 11834 495 6469 587 9522 3444 3512 3398 9547 9486 529 9482 6570 3547 11494 6444 11560 3574 6488 3524 3397 6549 11533 9443 11431 9509 6535 6622 9281 11346 11233 11264 336 11360 247 11388 405 3355 564 9524 11445 11417 6594 589 6568 13116 6421 3500 11402 3561 6513 11493 6377 3234 309 3326 241 3395 9572 9557 6581 6555 11529 561 9416 11544 586 571 3571 6524 425 11468 986 3784 11876 6881 11859 11757 9814 7517 1562 

		}		
	}
	
	forest = {
		color = { 31 116 16 }

		type = forest
		sound_type = forest
		
		movement_cost = 1.25
		defence = 1
		supply_limit = 4
		local_development_cost = 0.2
		nation_designer_cost_multiplier = 0.9
		
		terrain_override = { 
		11227 9326 9282 297 9344 3566 11364 11239 3303 4473 12434 4614 7495 1536 7661 11704 1610 11674 6763 3564 12320 12380 11708 12450 12441 11693 3668 6701 4477 11645 4605 12309 772 11599 3653 3658 6671 14661 14663 3714 9932 6956 14673 12029 806 11746 14674 7026 10056 11810 4124 14675 4008 4127 1122 14426 1119 14676 784 12096 9941 10122 10038 7130 4112 11848 9799 6864 9887 849 3879 6895 9833 11829 3851 947 11867 6912 11778 9921 928 6992 3927 9929 3786 11811 904 11866 11883 890 979 3982 6995 3967 6978 9900 11881 9915 11894 960 975 6925 9811 9901 11792 869 9755 9861 6935 14657 13058 14655 14654 7470 14664 11880 6930 863 3864 3973 3844 10163 936 9837 11818 3526 3936 3448 3884 9914 9780 3896 11762 9875 6900 11767 914 9805 9916 12001 1106 10203 955 851 9826 923 11846 819 9904 11751 6862 9750 910 6875 11833 6946 9907 1616 6973 6788 3772 3959 9909 3928 911 956 3961 6975 11891 770 11723 771 6762 9717 9737 6621 6777 9710 743 11697 6759 3740 11711 11716 9728 11713 762 780 6784 6639 11573 9603 3629 549 9503 11516 11502 11531 9575 11547 563 3558 3423 11470 11435 6583 9559 11642 698 678 11640 6712 9590 3589 6668 3646 3666 11875 3762 3768 9736 9732 769 6770 6789 9593 3594 3770 11593 6786 590 9748 11619 6695 660 11605 6667 3645 637 3639 3636 3663 9651 674 11592 9606 646 11608 9640 11622 676 11639 9668 690 9670 6731 9672 9704 6571 9563 11536 3581 6604 6586 11691 3548 6747 9701 3741 744 11534 11550 577 3407 6584 11427 6483 11411 9468 6522 9494 442 3410 11413 3565 3730 9706 713 746 11676 6714 3694 9687 6735 11520 9210 11377 11451 10878 2994 1541 4459 1821 7334 4386 6686 545 10825 6603 8082 510 7374 6684 6733 6750 6753 4987 6838 1842 6961 5310 12338 7444 10389 10349 7672 7754 7455 1116 7804 12322 7838 9165 1581 9155 9144 997 10090 9991 1142 9110 9107 9078 12010 7179 9059 10514 9045 9162 1497 12366 9164 1525 1553 12395 9043 7634 3197 11968 3166 1075 9935 12050 1159 3135 2843 3140 7078 7124 3139 4162 3157 10035 3142 11911 3163 3154 11929 3189 9993 3216 4616 7662 3087 10443 10416 9115 12423 9039 3202 4644 1609 7565 3079 3031 1656 7475 3027 3004 10361 1397 1406 1810 7064 1807 1983 1754 452 426 1377 4299 449 9973 566 1543 12786 10751 1350 1343 1450 5055 4045 12777 725 3116 12137 5086 381 9276 9301 382 9261 468 714 3077 739 2036 10807 4915 387 376 261 273 278 2076 283 300 10729 274 9336 2032 9318 9313 12005 4979 10887 89 86 8022 146 12763 92 23 45 72 10173 3459 12822 372 11955 2086 10794 508 675 9951 9292 5002 8114 378 10021 12708 355 287 352 354 3989 366 371 5157 1898 3066 7938 5040 2005 1336 10332 1569 3064 4516 7537 4544 9122 3035 4571 3057 10471 12084 12057 7131 1166 1193 1138 10084 1006 7099 10054 7141 4165 7182 4207 4081 11945 1162 1078 4053 10112 1053 7199 12030 7172 1110 9984 4083 3992 1628 7653 10114 1036 4631 4619 1153 4185 4038 7054 11961 4113 10012 10042 9972 1094 4070 1066 7007 12019 10044 11937 1171 7104 1125 7174 7086 11947 9944 11920 1195 7146 12059 10086 10014 4173 996 4105 1099 11913 10101 10034 7120 10095 7181 11982 4001 4123 7142 1124 7200 1076 4005 1001 4148 10008 1146 11994 12061 1083 7035 7637 9959 4203 10017 10064 12036 7222 7094 1161 1121 11973 9995 10098 4066 7656 9958 7074 1139 4114 4010 7025 7085 10040 4079 11916 12095 1202 7152 1187 12077 1131 11983 7192 10105 11926 4177 4121 1469 4077 7137 12023 10050 4028 7044 1087 11941 4092 10080 9997 10121 7210 7128 12014 1120 9970 7004 4183 10057 10501 12495 11988 7097 9999 1640 13143 4156 1448 11918 9982 9942 10462 7167 4130 7625 1612 12467 7580 9934 7609 7596 7948 4041 10757 5030 12086 7434 7101 10517 12483 7502 7159 4125 12350 9956 12055 7055 12015 4181 1154 7089 4071 12045 1084 10102 1069 7189 11980 11996 9969 1134 10003 4032 7109 10022 7092 11962 7160 10072 4037 10043 11933 12069 7129 9987 1169 4144 4058 1188 4190 12062 4538 10421 1180 4606 1004 10364 12012 7540 7568 10446 12426 4158 10434 7126 10079 9937 1893 4925 8026 1367 4375 11865 2030 7240 9966 1918 7988 4999 10841 12819 12141 1395 12705 11972 4192 10819 10763 4431 6999 4141 12414 4896 10304 7201 7279 7665 12310 10377 12053 12378 1023 12407 4480 4152 7168 7095 10404 10039 7521 7577 1474 10006 10335 12017 1010 9939 10822 4325 8095 7549 10431 1597 4628 4085 12436 4134 7650 4532 10616 4504 1884 1172 4656 10459 1625 1196 1114 1522 1383 10346 4501 7446 12282 7606 1653 1319 7294 2067 12841 5072 1100 10115 11977 1081 10085 1054 12085 12060 4086 1020 7178 10092 4027 1025 7110 1158 9950 4164 1183 4102 12032 11949 11997 7046 4179 4094 9965 12028 1133 7113 7072 12031 7212 4197 11946 1092 10052 11985 7050 1191 7145 10055 1167 9985 1136 7102 10032 1067 4054 10125 12097 7087 7157 9998 1182 4188 4184 4100 7016 4118 1024 7169 1165 6870 11847 9859 6994 6873 3962 7532 10444 10512 12493 1512 4646 998 7070 11915 7171 3912 9918 9795 11896 11770 9981 4004 9936 4103 10036 12089 11828 6963 11775 906 3803 9899 3860 836 892 3839 6910 9848 945 6804 3849 9885 11771 987 9781 6868 9759 3949 9803 3888 887 11808 6860 3970 3895 4140 6904 9776 9843 3955 6969 11822 11761 1137 1590 828 10397 7158 12403 6828 12026 10480 12432 4208 10053 4093 7000 1027 1489 7545 952 9768 881 900 3830 7631 4074 7659 1458 12356 8049 1647 10733 517 12156 2006 7911 5193 10132 531 2045 1257 7256 4295 12767 10451 10507 908 3806 9673 9693 9174 11029 9204 14 9103 144 9157 3021 3136 179 6160 3007 11184 3171 6115 11078 11151 171 69 147 9138 6195 3128 11070 295 6310 383 3386 6331 6406 9329 9251 9410 11231 3286 3375 3141 9054 11114 6028 9218 3070 77 9182 3005 9148 3191 9229 113 6129 9154 46 11148 11123 6010 11053 6147 9173 114 6093 156 6023 11209 3039 11120 3044 11069 3138 11 11152 11112 6188 3063 6164 11044 6084 11197 9193 3148 49 9051 125 9035 3108 6126 9141 11129 6200 145 109 3003 9211 11102 3179 3095 6206 6074 148 11190 151 6170 61 11208 11155 3054 6168 9300 9406 6397 6311 9209 9308 9393 11289 11311 242 4056 1177 10011 
		9774 706 3897 891 11799 9820 894 6717 11660 1436 9721 11665 9675 715 718 3710 3715 733 4445 10481 6719 7629 10318 12202 10381 11722 9850 3894 6911 3863 3693 9708 3747 11680 3733 734 11654 9664 774 749 3763 11695 722 9667 11725 9711 9743 6610 779 6797 3775 6607 9583 11567 9580 11569 3605 6778 598 3602 11662 9754 6916 6795 3702 11650 862 11785 6869 3824 822 3847 11758 847 11769 9789 11789 6705 11800 3802 6899 880 12405 3850 6872 9804 6885 702 11817 3697 9836 11648 3880 6707 9662 3687 9808 3829 801 6850 3941 9923 6958 6823 11888 6929 951 11873 10343 3823 11841 3925 11783 12054 4168 7045 7083 10051 7134 7012 10029 3994 7118 10465 10437 7612 10492 7583 5090 12384 9996 968 1485 9949 10394 638 7527 4653 4491 7138 10096 10081 12445 9931 10439 10412 1506 7466 7646 7588 10441 6971 4627 7558 10468 10495 7643 7791 913 8014 9779 12637 7547 4452 9727 12568 1445 6696 12709 10727 4402 10586 1987 7615 10615 7797 7464 4510 10410 10449 1453 4650 4565 1615 12429 8110 12328 11717 10753 10192 1587 4622 4756 492 7422 12735 12803 5059 10824 12501 12670 6974 4988 8083 10281 1758 10909 10657 1582 9967 12353 1433 12470 12325 12498 11942 7640 11509 4594 860 7528 971 3975 11890 4507 1643 7599 7555 1559 10355 7543 12458 12489 12778 6803 1618 1806 4740 7904 4811 1753 7892 1352 12513 3708 11802 10798 5103 7945 7485 1503 4522 12401 1528 12313 10717 4757 10676 10333 10391 7834 9892 1678 10516 11667 12588 7896 1734 6767 1849 7776 12550 12597 12693 6827 1719 3699 4029 9678 10599 4854 751 5205 709 703 4738 4834 7829 1760 10526 1866 6752 10618 926 4166 9657 12456 10341 4664 4807 4296 10242 10271 7386 10155 12214 7414 10157 7259 1214 12272 1420 12259 7442 7315 3513 4328 528 11733 6482 781 6772 768 6745 677 6681 6757 9697 9713 11658 3678 3677 9637 9671 6699 6861 3840 4518 9911 9855 12231 1869 1799 10548 10228 10258 4385 1393 1408 4428 4463 2083 11373 13031 2853 12631 10769 5015 2900 13042 4789 4746 12712 10730 4724 4703 5066 13033 8032 1795 13032 11309 2051 13089 12140 12555 12120 12873 13050 7921 4946 1837 8057 1824 11296 12746 11319 10895 1835 1945 1850 1841 4977 12954 5121 12984 13553 8222 5191 5159 10513 10360 12972 11003 13691 2109 11008 10947 8239 5156 5186 12334 2185 12479 7636 8210 12438 8148 8226 13479 10665 5187 5181 13569 12924 1540 12910 12918 2183 5211 12645 1511 12560 13495 7859 10455 7579 10682 12435 13425 10427 5134 12377 7520 4763 10637 7755 4630 12990 10969 8200 7608 11011 12962 13499 13454 13517 12926 12451 7649 7564 7592 7522 12308 7610 10487 1652 1557 10955 10338 1501 4520 2187 1644 12993 7742 4748 10710 4718 12664 7887 12362 1713 7783 12604 12617 4804 1814 7826 1801 2197 5195 2203 2211 8241 10650 12632 8232 12988 4615 10334 10373 4543 1565 

			
		}                                      
	}
	
	hills = {
		color = { 113 176 151 }

		type = hills
		sound_type = mountains

		movement_cost = 1.40
		defence = 1
		local_defensiveness = 0.1
		local_development_cost = 0.25
		nation_designer_cost_multiplier = 0.85
		supply_limit = 5
		
		terrain_override = {
			9266 6503 7573 10768 10385 7969 7602 3360 6329 8125 8093 5073 8009 471 6392 3672 6089 6760 6382 6312 9564 367 3555 9409 357 13043 13044 500 4580 13047 9172 8053 2062 14642 14643 5020 14645 1948 12877 14651 7584 7448 10776 5009 10413 10863 7976 12262 8023 7965 12898 4407 12724 12789 1999 4937 4559 10726 8126 8104 12837 10856 1882 12846 10834 1943 2074 4966 4983 5089 10828 10759 6826 10295 3072 1331 3404 4254 5014 3916 10811 14668 7530 14667 12476 14653 1463 6997 3905 3919 922 11842 11568 9584 607 603 969 3604 6656 3657 6673 3673 6687 9650 3684 688 707 3688 11638 9655 9851 11804 3838 9863 6891 9772 902 11874 11824 11755 11773 4159 4014 1009 7147 7059 12066 9990 9784 9856 6843 883 6939 3966 6831 6926 3885 9794 925 9838 967 9924 782 6980 11837 11998 6979 4139 10023 4084 7100 14714 4097 11987 14712 4933 7908 14711 1989 14698 13247 14699 5046 12857 14775 13237 4954 14360 13942 2009 14359 7393 12723 10048 7290 5017 5041 13975 13967 12002 1080 10126 9957 1112 9947 4073 12889 4068 5069 1977 14200 12725 14113 2003 5047 7112 5091 4247 13993 8043 4180 3995 4985 14810 10835 7934 9407 282 3304 311 253 9315 9379 6268 9397 9285 219 11218 6320 9237 6205 9090 131 11064 3159 9161 11207 200 11136 3150 6237 11345 6145 122 199 3090 188 9127 11100 65 3192 137 53 6176 11367 9296 11135 27 6080 3094 11028 9036 6151 9096 11176 44 6079 3040 22 11077 3016 2995 6015 9042 11063 11034 64 9064 11104 9089 76 128 9128 12528 8236 4806 2021 4835 1900 4855 11681 11250 12865 11527 11538 13085 11575 11591 11551 11474 11476 11472 11394 11455 10728 11423 11433 13087 12192 12203 12175 13092 11765 2079 14022 13627 2158 12970 11021 13521 12306 13445 13461 8161 12946 5201 8198 8218 11009 5209 5215 5173 13411 11022 8216 10965 10944 14224 10170 10133 13791 14134 14206 14590 12967 14469 14595 14596 14627 13715 14626 5180 10988 14616 13603 13630 13634 13589 13559 13568 13533 13592 4851 14608 13598 14609 4879 13486 13498 10963 13572 13554 10957 14511 13417 14530 14531 14532 13443 13447 14533 13439 13433 13428 13464 14536 9471 3418 6559 11623 6690 9679 11651 704 11666 9665 3550 3484 12601 12526 7850 7866 1708 1783 1844 12590 12737 10839 7737 4714 12797 556 3745 5025 4939 10880 7270 10490 4536 11448 4313 7397 12882 1933 10750 12815 3752 3760 12761 765 5075 8013 9696 750 1659 4891 4063 1062 7139 12025 10049 4051 1174 14261 14214 14230 14281 14239 14294 10749 14614 14612 6548 3758 9497 482 3474 11404 9441 7857 6592 11497 532 9555 424 6470 3585 11556 3569 557 6562 583 421 6534 11517 11414 11401 3545 3485 6485 3414 3583 6590 9412 6464 9427 9457 6512 3514 573 469 11432 9421 6418 6440 11542 9541 9569 9429 445 494 6721 3519 3503 10083 978 11958 7121 12006 11925 10020 11960 1051 4142 4069 9968 7197 1097 993 1113 10128 12007 1117 4067 11930 1063 9807 9865 12352 4576 1642 
			
			4993 10760 8020 9567 
		}
	}

	
	woods = {
		color = { 41 155 22 }

		type = forest
		sound_type = forest

		movement_cost = 1.10
		defence = 1
		local_development_cost = 0.3
		nation_designer_cost_multiplier = 0.9
		supply_limit = 6
		
		terrain_override = {
		}
	}
	
	mountain = {
		color = { 105 24 4 }

		type = mountains
		sound_type = mountains

		movement_cost = 1.5
		defence = 2
		local_defensiveness = 0.25
		local_development_cost = 0.35
		nation_designer_cost_multiplier = 0.75
		supply_limit = 4
		
		terrain_override = {
		12818 11671 10922 9502 12748 6372 9391 314 520 5067 3285 9291 9514 5005 9146 3377 174 6302 6539 11192 3167 11262 3505 11344 11292 6149 9305 10207 9256 9033 3779 11255 6366 3186 6190 6231 11240 3372 499 11475 11200 3346 6016 6370 3177 9270 257 6113 6374 3475 6199 3406 325 6202 11458 164 9180 10837 9445 6538 11335 8074 154 292 578 11269 11119 330 11523 272 11193 748 12376 14658 4583 652 11853 9954 6976 789 14659 10403 10472 14660 6991 11797 9868 6919 3950 9777 3903 919 11826 11839 11747 804 3862 3807 11844 921 6977 3964 6888 9761 6965 9860 876 10399 9858 14665 10497 12318 11739 14671 11784 3907 6808 3951 11831 856 785 981 11898 11796 3856 6945 9878 3983 909 6877 3876 11860 940 6807 9763 3870 9830 961 6813 3890 3921 886 11897 9871 9844 6908 9806 6871 864 7953 1922 12780 3370 11249 1963 10873 12788 14649 1995 12599 7916 7984 10896 14650 10852 10737 12769 14648 2078 2017 14652 14647 12831 12602 10826 10781 12314 12248 12218 7224 10842 8027 12805 6736 90 95 106 2084 129 1910 2041 135 343 10821 140 126 116 93 4558 143 5042 7759 7273 8005 340 328 302 306 338 344 346 12884 1129 353 7316 307 10905 333 335 12754 7106 1961 7772 10802 11286 11122 1729 6602 6577 6615 6791 6774 6794 10910 580 7237 12892 7266 4435 7781 7309 7281 7346 8010 2999 12860 7431 7373 6362 12730 5018 5033 11668 2014 2098 7789 4900 7809 7793 12807 10810 1996 5102 8041 7778 10741 12890 7997 10796 2099 10911 4973 4821 7733 1970 7701 5087 1766 12119 4828 7949 2015 1703 4682 7702 10545 4770 7792 10614 4709 12656 5062 12370 6274 10660 7228 7416 10187 10488 6833 11912 12011 7021 1148 10100 12072 10015 7187 11908 11989 4000 4122 12056 3848 4153 4172 7217 7595 12421 4311 4265 12117 10136 1334 7328 12200 7300 1305 361 7320 11307 237 10216 4874 4802 1744 7824 7898 12393 10677 10723 11098 6040 13076 12502 10648 10716 12567 10329 4383 11655 3728 11689 727 9685 711 3689 11672 3743 9548 9425 6460 6431 6761 11604 9620 11590 9633 6678 9636 11618 673 11634 671 668 3675 6691 3674 6680 661 11838 9884 915 899 9882 3915 6931 897 11779 6915 7213 871 9812 9933 948 11737 798 939 3845 3794 977 6841 884 3887 1192 11807 11812 9828 12081 6896 1090 3725 11684 9700 738 9699 3773 3976 6985 11889 11861 9879 11790 3910 11882 963 3923 11803 6972 3958 3968 10027 3857 1156 10074 12047 3901 12098 11587 6631 11570 611 9745 9738 11721 3764 778 6609 764 9600 6661 6635 6675 9630 11615 656 11598 9598 11620 9652 3692 11486 3530 6542 521 6529 1346 3129 11101 11198 9170 9047 6216 11037 3059 6184 100 6072 9196 3049 6136 6204 102 3180 3188 3114 3093 6114 11206 9227 9135 9032 6118 6038 9139 11118 115 9132 6116 3018 3096 21 3022 9216 11173 6173 3098 9069 9208 9095 9171 168 9066 3111 11116 6207 6123 202 9068 3183 111 133 6042 11113 3105 10 3162 11049 6185 11052 184 11187 173 6111 6041 107 6187 3088 3048 3126 6214 9175 6152 11026 9134 11058 58 9126 6071 190 6155 9178 6055 3145 192 3034 3132 38 9083 101 6130 6208 11060 11130 6107 9191 3082 91 3058 11050 11157 11090 13210 13216 13222 4861 13220 13217 13270 13207 13235 13256 13230 13260 13248 13227 13224 13250 13066 10636 4877 7761 10644 1411 1347 4765 12571 917 4678 12508 1872 7869 7891 9075 11161 6385 159 11306 11055 6104 6046 9314 14179 14204 14180 14141 14158 4556 14517 14515 13432 14516 12064 1494 13476 2171 14535 13468 13426 14510 4584 14529 4822 14525 14512 14526 13419 10961 13421 2169 2161 13435 5118 2199 5169 12920 13474 13500 8192 8251 2215 8229 13551 10992 650 10964 2136 12914 5192 8195 5146 5171 8194 12978 8215 5229 10987 8231 5131 13195 8157 12930 5230 8225 2182 13740 13086 2210 13752 12953 2225 12997 2162 5202 13759 13774 5166 13803 12969 5190 12983 13863 8199 13907 5120 2156 13887 13893 11020 5051 14874 14773 14774 12798 10846 13241 14785 14033 13234 13226 2023 12872 13228 10790 13229 14093 14159 12703 13232 14070 10747 7993 14137 2052 12845 14161 14166 10916 7833 13053 4898 7837 10871 10188 11326 11932 10853 13020 11320 13048 10172 12804 13049 12148 13051 11310 5052 2008 4659 13039 13038 4798 13040 4887 13036 10832 12634 1856 9131 10830 12827 12672 1852 13041 13035 1965 13034 7913 11294 12755 8089 4808 4815 11284 11275 4752 12538 10773 4665 4734 4793 12542 3434 466 11398 11554 9551 417 581 11539 11525 569 3553 5283 543 6552 6723 976 11895 1205 4078 4178 841 3914 3980 11786 966 6938 6920 4512 14672 1467 6642 4660 9715 1539 6669 9702 1599 4534 6436 9645 6689 1530 685 9626 654 9649 11617 9674 672 11647 9663 3656 13282 7454 11753 9886 3965 3979 6950 3935 933 4545 670 9628 12793 12861 10523 13045 10881 4825 1704 8098 5105 7847 4990 9726 7975 3720 39 3 9709 15 10789 14234 8066 11664 5043 6692 6674 8044 735 5064 8090 5082 7871 4550 4111 1074 4486 11953 1058 7065 9976 13077 1128 4131 4146 12760 12020 7040 10045 4150 3991 14704 14703 12042 7173 14710 1207 14713 1152 14717 14697 10107 4108 14696 14716 14695 14701 14700 4022 14705 14709 1111 14706 14708 7116 7008 7033 7149 9960 4018 13074 12018 7958 4154 8046 13246 13601 13582 13566 10993 8246 13514 13621 5128 13618 13637 13657 13669 5222 13662 12021 11354 11356 2011 12103 11338 4956 12159 1952 13013 7750 7757 10738 11337 7973 8003 12721 12174 12835 13023 13024 13022 11351 10124 11349 11339 11321 12514 13021 11298 1860 7841 11325 7844 13052 13054 7935 12745 6133 7667 1651 1432 1601 4607 10422 11698 710 12134 4331 10159 10625 10305 4347 10151 3471 6665 3588 766 6694 6876 11763 941 4521 12425 4816 12399 4826 12553 1414 12183 7398 4274 12155 7255 7865 10690 12461 1892 12374 823 11795 10387 10483 12303 1789 10556 7845 10602 10672 1736 9616 7721 7827 7756 10591 1862 7747 12765 850 7821 6897 10573 1972 4796 1740 10642 9792 7999 868 1658 3869 1827 10588 12627 2102 1738 12552 4975 10645 7684 6887 12561 12651 7688 1815 10640 10711 1793 7879 12699 10662 12573 4736 10535 7814 4823 4849 7870 4858 10634 12675 1728 7881 1725 4697 1689 7799 4751 7693 10713 12509 7819 4711 7713 10543 10562 4882 10597 12649 7843 10669 12695 1749 12427 1818 10610 7808 12671 1838 7732 4704 1778 12820 12544 10695 1855 10563 4777 10539 1774 12520 7773 1877 4781 10531 1864 4845 1840 4316 1675 12511 4768 4391 1483 10530 10408 10205 12239 12722 11614 5006 10786 14817 5037 4981 12758 2027 12101 14408 10099 12073 14409 14414 5099 14418 14412 14373 10752 1775 14377 1973 1765 14388 12821 14389 14390 14391 14371 10840 14375 14382 1920 4924 1790 1792 14383 8036 14331 5010 13922 5097 13954 7944 13990 4387 12766 2072 1984 14346 12856 7912 14329 14328 14324 10734 13843 14323 13892 14350 14330 14440 14343 13927 14339 14333 13881 14207 10962 1939 10860 5160 10142 14622 11017 2206 10921 12759 10833 5068 10777 3788 6894 7143 12013 11917 10041 11907 1005 12016 3676 6709 6679 3665 9619 662 12739 214 12895 700 1297 1746 1786 7692 10609 8204 4819 7839 8212 12966 12974 12980 2189 848 3981 3852 11878 3904 6922 959 6822 898 6944 6928 852 

		
		}
	}

	impassable_mountains = {
		color = { 40 40 40 }
		
		type = mountains
		sound_type = mountains

		movement_cost = 8.0
		defence = 6
		local_development_cost = 1	
			
		terrain_override = {
			2010 10755 2093 4994 7655 8121 4743 6787 1991 6758 8029 11328 12784 5094 12801 8068 5011 8037 10918 7926 5080 12899 4914 4964 8059 8018 7940 10315 10865 12653 10417 9489 7519 9199 7763 658 3662 9587 636 3899 3898 2179 13596 12928 13649 13659 8253 13679 11001 2224 2174 13709 13716 10952 13731 
			9618 11601 3612 3641 3660 6683
		}
	}

	grasslands = {
		color = { 130 255 47 }

		type = plains
		sound_type = plains

		movement_cost = 1.0
		supply_limit = 8
		allowed_num_of_buildings = 1
		nation_designer_cost_multiplier = 1
		
		terrain_override = {
			12576 5161 4776 1759 1773 2205 10925 7811 7798 12532 4673 2130 4864 1861 10581 1667 10622 2157 5175 12906 13455 10983 13458 13488 8228 13452 7623 8165 12992 5138 13552 13540 10949 13541 1526 13560 13542 13478 13491 11013 13523 8243 4478 2163 8249 4500 12968 10991 1611 10430 1570 7535 7666 10475 7651 5198 13590 12424 13527 13614 7566 10378 12354 4648 10365 13632 12915 13615 8237 13605 13510 13608 1478 13638 13575 13631 7481 4462 1498 13583 8155 13629 8247 13641 12326 4415 8134 13584 13613 13567 13538 13477 8130 10997 13511 13451 13463 2191 12948 12976 13475 2133 13473 13453 13543 12904 13587 13549 13606 2201 13622 13612 11016 11924 7090 4797 4731 4758 4400 4411 10060 3226 1101 1538 10358 1059 3811 7220 4204 10077 7593 3756 4261 1444 4326 1637 12452 4314 4283 12035 3263 4351 3261 3259 7497 12307 4356 10428 9946 1579 3236 7574 12375 3257 3250 12480 3240 8120 1510 4513 6450 10401 6432 12420 12490 6417 10469 12241 7372 7428 4813 1228 12114 4280 7465 1622 6424 6403 10171 3334 6410 6414 4365 1275 4829 1317 6551 10296 12779 7310 1344 6330 7436 4420 1268 10246 8067 10897 6367 6365 10756 4414 1409 12247 7363 6543 4315 10274 12146 8011 10808 12734 6339 6346 6494 8100 6486 6112 1412 6317 10208 5032 6327 6324 10799 7411 6224 6217 10259 5104 6248 6230 9370 8087 10324 4472 11950 10511 7619 6273 5019 6275 9365 6269 12781 10311 6203 5063 12226 1359 10210 12295 7250 12105 6139 6159 6158 12182 10270 6172 7119 3332 3333 10019 4072 7060 1405 6191 3504 4353 12142 7430 10872 6398 6396 10030 6394 4883 6463 4557 6388 12854 10801 1290 1292 1318 1325 4410 745 1258 1278 6468 4953 12799 6380 6387 4950 6379 3383 7205 7177 11993 3376 3348 3382 8076 12080 11995 2105 6477 3291 1254 5096 759 3330 1144 3357 3349 12092 3364 172 175 4003 14424 3551 3456 10108 3492 3490 7049 3734 7084 3554 160 4110 10735 3478 7903 3477 3465 8007 3385 10139 10843 10066 10772 9084 3413 8106 79 3391 85 84 1107 1978 26 4998 18 12717 74 75 3765 3461 10813 3489 14423 6279 6283 7344 6284 6278 7260 4219 12258 6297 6285 10229 10201 12274 5048 2091 7418 10257 4167 10144 7019 8072 10474 4009 7459 1603 4519 7508 4547 5092 12408 7406 4256 1976 7301 5007 12713 1575 6932 11931 7571 1034 7208 1531 4634 1519 10367 4174 4469 12344 1203 12078 1438 12300 12706 1959 2087 10724 4960 10854 8081 8127 5057 7511 3742 12732 4888 2022 1630 6638 1985 4525 3427 814 9905 3814 3881 9873 11801 10331 6937 972 7575 6988 11855 6898 934 3828 10426 7633 9788 11815 3934 6852 4514 9927 11836 6893 6951 846 9831 930 916 4642 1567 3913 4572 4503 11744 7663 6947 3932 9866 6905 11781 9841 800 11823 3929 927 9883 11850 946 9913 11864 7523 10433 7652 7582 12478 1508 10429 10363 10499 3978 7578 12469 1558 7812 12485 4506 1645 7526 861 6964 944 11862 3947 11893 9897 3944 6806 783 973 9766 3791 10376 9928 7591 9782 4649 10503 12412 12355 7670 12482 11906 6811 810 3815 3843 1571 10379 10463 1588 4592 7897 1502 4876 7894 1847 3877 10567 4852 1776 12537 10541 7848 4809 7873 7697 13150 10638 4745 12548 12618 7832 10675 1693 7767 7613 1732 10698 10368 10519 4551 10521 7569 12500 9798 6863 5427 10215 12342 9623 1545 12443 11964 7091 4076 3996 7164 4145 4055 1068 4143 12004 10073 10005 7011 12049 7030 10028 7188 7144 10031 11974 12044 7073 1028 1206 12771 14164 4963 11999 1064 12071 1151 8105 10844 14184 4138 14122 12836 14073 12796 14123 2046 12881 12806 7925 12826 1914 10795 2167 7476 4570 7589 12938 10931 8233 2190 2218 12923 12977 13763 12909 12903 5223 12422 5194 10392 13781 8177 10926 8184 13778 4617 8242 13828 13751 13757 13770 8129 5218 13826 10945 12937 10994 4587 1583 5178 13761 12987 5148 13783 2168 13824 12947 2150 13915 13930 14221 14199 13239 13236 1646 4444 10477 4597 4567 2043 9802 1534 1564 10370 1441 12463 7586 4625 4540 12346 4449 4569 1621 12361 7607 1523 7449 7831 954 1604 7626 12305 10457 4590 10393 12365 1527 12497 12697 720 4508 12437 11635 11621 4527 1881 10448 4601 9775 9760 6855 827 4442 882 6890 6874 3853 9825 3685 659 11776 831 11791 689 3872 11760 6769 691 11656 6710 11669 9746 9724 10303 3766 7420 9747 11714 11685 11641 10461 1655 4531 4437 7551 1595 9796 9810 11637 9654 9653 870 695 9684 6782 11731 10233 12357 12312 9450 6713 7611 9682 6737 10339 12368 11589 10478 9910 1831 1560 7458 1586 7539 7306 12418 4691 11971 1770 10666 12646 11788 12577 7536 10719 1867 9880 4880 12667 12620 7862 1752 10685 3719 4772 1836 10709 10569 10595 1683 12586 7852 12685 1870 12145 4790 1873 12688 1848 1788 4759 7877 12566 6722 3750 4839 7771 1875 1767 10587 7880 10706 7883 4863 10593 10624 10552 10611 12603 3769 1857 4838 12676 1854 11712 10198 1320 7753 7677 12578 7820 1262 7718 3706 12124 1832 10693 1690 10327 4747 10687 12673 4778 3781 6742 7779 4860 12572 4857 12585 4741 7760 1851 7628 12486 4577 6968 5001 9829 8025 11743 9822 10702 7762 10340 12024 10532 10606 3855 12516 7840 1747 4820 4610 7745 2082 10861 10778 805 10504 1500 10337 4884 2042 6785 12369 5061 6987 12782 1927 12341 12410 5022 7981 3960 9920 5085 4919 3875 1915 12875 7836 6798 2019 12728 8064 10582 4865 10651 1663 10247 12221 1282 4287 829 5050 5098 12704 6492 3529 3196 8031 4928 2026 12756 6490 12773 8040 1982 6369 12726 2004 10211 7994 2097 12046 3795 11375 7977 12372 7322 1938 901 10106 7313 8123 12111 11552 4277 12387 12416 11871 14669 9823 9912 7620 11759 3889 14670 9893 1088 10087 12473 7140 2089 7383 1216 11324 1919 1384 756 7639 10671 11107 12430 11687 4542 12250 4467 4923 4549 10510 12333 7491 10742 1632 9605 10366 4686 12340 7682 1459 10601 12581 2058 4629 7775 11624 12298 11943 1102 13242 7203 14693 7069 14702 10070 1194 10113 9945 12087 10013 14715 1079 14694 4116 989 7132 11923 1013 9964 1145 11939 4046 7166 10078 1160 12051 7081 9994 1046 4163 11969 7180 10091 7077 4061 7162 4129 1037 11921 12100 4199 7215 14707 12971 8188 13650 5185 13628 11015 13593 8180 12956 13546 2200 13524 13506 13610 2120 14604 14554 12935 13576 2193 13545 5212 14578 14188 5196 14186 14185 2013 3942 6883 1606 9432 6563 9436 9440 11579 3435 9592 3622 477 11457 6525 9447 6541 6516 9455 6620 9753 11736 11706 3726 9720 3439 3597 9426 481 11447 3487 9504 9474 533 509 484 11434 9417 585 11403 3464 3417 11400 3443 9459 9581 11724 3746 3774 742 6748 683 712 6702 6718 11633 11678 731 11661 11690 11694 11727 9688 11696 9694 719 717 3717 6738 6755 11729 6768 6781 9744 6783 11559 6445 9430 3587 6796 6765 6741 12529 10619 10547 10146 10603 4773 13197 7784 10680 10550 7856 4651 7711 7795 12662 12397 4636 7657 12329 10353 7624 10395 10435 1614 12324 12465 1649 7924 4300 7243 7600 
			
			4202 7034 10317 10425 12388 12404 12887 9540 14635 14620 14548 1874 14504 
			14177 10196 2066 6574 
		}
	}

	jungle = {
		color = { 98 163 18 }

		type = jungle
		sound_type = jungle

		movement_cost = 1.5
		defence = 1
		local_development_cost = 0.35
		nation_designer_cost_multiplier = 0.8
		supply_limit = 5
		
		terrain_override = {
			13384 13386 13393 9529 2142 
		}
	}	
	
	marsh = {
		color = { 13 189 130 }

		type = marsh
		sound_type = forest

		movement_cost = 1.3
		defence = 1
		local_development_cost = 0.25
		nation_designer_cost_multiplier = 0.85
		supply_limit = 5

		terrain_override = {

		}
	}
	
	desert = {
		color = { 242 242 111 }

		type = desert
		sound_type = desert

		movement_cost = 1.05
		supply_limit = 4
		local_development_cost = 0.50
		nation_designer_cost_multiplier = 0.8
		
		terrain_override = {
			6601 6527 324 3667 757 9389 6213 2071 4637 4609 4943 4553 9816 7604 10454 1896 9722 1822 4901 6404 1636 4755 10797 2039 1697 2070 1986 7982 1889 1722 14644 2101 14646 4949 1147 163 1980 4382 10866 1971 3567 10898 3578 12792 3580 152 150 226 14425 178 4064 1061 7020 1103 12886 189 10847 227 223 231 228 236 12876 12718 9356 4984 3276 181 3279 3358 3280 3278 4149 1908 3270 3723 3664 3695 232 12041 256 248 9345 2002 9311 12868 9302 392 2054 3739 1949 7080 6481 3289 10816 4106 12743 7165 12829 1199 3313 3282 3306 2092 3297 3266 9353 9355 4971 9352 7905 390 401 9348 246 252 403 7998 3269 12844 3698 10817 10903 4403 10787 4986 7314 12776 12327 5100 2053 2028 5076 10885 8042 5016 7790 8112 7726 8086 12864 5736 12524 4947 1698 12596 7971 7727 8102 4843 12598 4783 10770 12750 5031 10899 7803 12880 8055 10629 12609 12331 10560 12541 7864 1781 4786 7806 10689 12614 12669 10704 4729 7752 12686 7749 1787 10632 12539 10558 1723 4856 1853 12448 7048 10424 4612 11752 7674 4495 12348 4655 12612 10575 4873 1871 12629 1811 1743 12557 10647 12690 7743 10612 1551 1796 4222 4555 12554 7648 10372 1608 4633 1499 1638 11903 12337 4561 1627 10002 11922 1600 6411 10793 6 12121 7410 12855 6588 78 11421 8001 6154 10876 6498 12839 12254 12413 1631 4951 10744 12879 14796 7184 10383 12316 4440 12607 9695 12535 4668 7888 12633 7818 7764 4742 1756 4799 4657 4727 11814 8115 7986 10783 853 3834 7920 5044 10914 3883 12791 3867 10740 4955 1954 10894 5038 9773 12720 8070 12684 10867 12893 9908 2055 12848 12301 1998 3972 4586 12624 12570 12642 1809 7780 4723 4794 3613 4760 4830 4814 4871 11772 4749 10950 12311 1217 5125 1431 8209 10958 13626 13664 10316 1410 13646 7669 12104 13651 10937 13470 13643 13667 8152 10288 7457 10276 2139 13639 13556 12936 13617 12290 10971 1454 13520 13597 13594 2223 13493 13537 13555 13557 13507 7453 5197 5183 10927 2219 5225 8186 13492 2114 7664 2146 8220 13456 7567 12932 4791 10553 7450 13504 4481 10460 7496 2155 13429 12406 1537 4836 11019 8234 4453 13484 10388 4658 7533 7471 10500 10941 5227 2116 12934 10977 10458 10445 4530 4546 4502 2221 11006 4517 13531 1472 13539 8206 12949 13536 4632 4560 13602 5170 13585 1514 4505 7525 4645 7538 13625 8230 13561 10336 12411 10936 12957 2166 12367 5206 12382 10882 1634 1578 1549 1072 1056 7671 7513 12442 4893 14641 12871 12574 10476 13060 9224 8012 12643 10765 8033 13055 13056 5071 12521 12659 10809 8097 2037 6211 12517 12897 12850 9105 2104 10800 2060 12811 10746 12531 3065 13026 12510 1880 7861 11381 12608 12630 3245 

			13776 11014 13790 2063 10239 1375 1879 1287 
			10161 10290 7405 10292 12152 4333 7425 7407 4250 10179
			1429 12294 10253 4394 4337 1303 12115 7335
		}
	}
	
	coastal_desert = {
		color = { 255 211 110 }

		type = desert
		sound_type = desert

		movement_cost = 1.0
		local_development_cost = 0.35
		nation_designer_cost_multiplier = 0.9		
		supply_limit = 4

		terrain_override = {
			11248 10351 1957 10890 5029 2000 10913 1888 14257 8051 14236 14174 14801 12702 14800 14799 14798 14795 8085 14797 12816 8108 14818 2048 7960 14820 10904 14190 14218 12809 8117 404 618 12832 498 4959 13082 10782 9691 12774 9632 7917 5095 1179 14370 5074 14363 1726 1750 1735 1741 1748 8073 14807 14411 1923 12883 14253 2033 14410 14808 8092 2095 1033 14809 2029 13079 14395 2103 14406 14398 8002 14400 1947 12941 8164 10928 12991 5065 12840 13902 10818 10891 1966 8000 1002 1237 8124 4161 11979 1155 1071 11910 10061 9989 7079 11967 10120 9992 7082 4151 10123 12094 11954 4120 1127 1198 4057 12088 10046 10117 4047 1041 1118 9980 7209 4194 1149 12039 11957 7005 10026 14865 1189 12740 7990 5012 14237 3017 10875 3704 14154 13252 13253 7992 5034 13261 13259 13262 4948 13263 7972 4989 12834 14466 8248 5158 13680 14480 14477 12958 12985 14478 14479 13644 14487 12921 14489 13609 13595 10978 13564 14490 2207 13516 13496 2229 5154 14494 13440 14528 4528 12339 10518 13604 1422 12323 12499 4441 13599 13558 10473 10979 2177 7506 2186 10350 13579 5207 13577 12246 12912 13581 12639 4908 9192 12687 10848 2069 12833 12652 


		}	
	}
	
	coastline = {
		color = { 49 175 191 }

		sound_type = sea

		movement_cost = 1.0
		local_development_cost = 0.25
		nation_designer_cost_multiplier = 0.85		
		supply_limit = 6 
		
		terrain_override = {
		3783 1150 6851 6918 9854 6981 11835 912 9790 4052 10065 7155 4107 1003 7125 12040 7221 7204 7175 11992 10110 4126 11948 964 11764 9835 6837 11886 3900 1052 12043 10068 4137 11944 10119 12093 4089 12074 1184 7105 1104 4186 4205 10018 1200 10000 4157 9971 1029 4082 4031 12067 9953 4091 11928 10076 1089 12052 7014 12076 4042 7191 11991 1096 7058 9974 10058 1168 4013 1055 10069 4099 4169 4196 7027 11986 7071 10010 10093 9938 9978 7067 4050 7108 10062 4189 11938 1047 9963 7039 11981 7135 4160 1038 11963 994 11990 1070 4023 1018 10004 7093 1157 4119 1185 11936 10016 4397 12297 7280 1302 4379 4062 4104 12063 10088 10116 4372 12462 11978 10001 10255 4805 4237 7297 7340 4321 1430 10152 12180 10278 10149 12164 1381 6517 4416 7265 6073 6057 4327 7402 7207 3322 4132 4090 12037 1190 170 10118 9975 3356 11952 3344 7150 3321 4187 7013 1349 6162 12269 6157 7232 3777 4245 3101 10976 14187 14183 5210 14178 8183 14588 2196 14587 8182 12944 14584 14579 14581 2202 14571 14573 2123 13647 14576 14557 5164 14456 8219 14453 10968 2115 12975 14450 8207 14431 14430 14429 13744 5139 8244 13379 14662 13404 5036 6039 13382 13381 8034 10831 13346 4952 13344 2050 13336 13335 10919 13330 1951 13326 12785 13323 10862 12742 10803 13311 13309 13849 13295 10762 13293 8006 13848 7959 13288 2094 13286 2038 1909 14679 12858 12747 13276 12891 13275 1903 12379 12364 10515 12453 10502 14687 4457 14784 14678 10362 14677 12336 10347 14685 14684 7638 4436 10447 12396 4548 10405 4533 8181 7553 5167 5112 10432 10980 5172 8190 12996 2153 10999 8196 13722 11002 10419 8197 10946 8143 10998 10939 5168 2227 10933 2175 8179 5107 2132 2228 13943 12933 5220 12853 12999 10874 13947 13970 13977 13972 13949 4980 14024 14083 12885 10906 12828 4982 12716 1981 10767 10823 10912 13265 7968 8113 10855 13258 4526 13254 153 13249 5088 14235 1997 14829 12772 13245 1944 13244 13238 2085 8056 13223 1937 12790 13231 10864 4969 6409 397 12610 11323 11436 10494 13233 14092 13243 7936 7991 13225 8047 13983 14857 8252 14841 7630 7617 4624 12584 12216 12242 12187 12106 11904 11429 1988 11418 2075 2031 11416 12678 11379 8017 11512 11540 11234 2077 11225 4965 11196 11189 11244 4868 4866 12715 11213 4904 11223 12867 7685 11256 4824 10889 4803 4761 12810 8079 4767 10732 11369 5021 4366 13088 2877 13030 13029 7552 12398 4535 7524 4464 7668 7480 10520 10352 10380 10407 1556 1584 12439 1572 12381 1480 11975 1547 7202 10047 11927 1019 1132 1163 1077 9876 6943 788 11738 6846 865 873 11892 3957 6984 9758 6892 3917 9786 11900 6845 11740 9864 9801 11782 6882 3878 859 9847 6909 9832 11830 3906 905 3712 6732 3732 7462 1338 1619 4342 4285 12459 11566 10886 11555 12753 11268 12523 11272 4398 10183 12211 4380 12281 11495 505 3644 610 9730 
	
 
		}
	}	
	
	drylands = {
		color = { 232 172 102 }		

		type = plains
		sound_type = plains

		movement_cost = 1.00
		local_development_cost = 0.05
		nation_designer_cost_multiplier = 0.95
		supply_limit = 7
		allowed_num_of_buildings = 1

		terrain_override = {
			
		}
	}

	highlands = {
		color = { 176 129 21 }

		type = hills
		sound_type = mountains
		
		supply_limit = 6
		movement_cost = 1.40
		defence = 1
		local_defensiveness = 0.1
		local_development_cost = 0.2
		nation_designer_cost_multiplier = 0.9	

		terrain_override = {
			
		}
	}

	savannah = {
		color = { 248 199 23  }

		sound_type = plains

		supply_limit = 6
		movement_cost = 1.00
		local_development_cost = 0.15
		nation_designer_cost_multiplier = 0.95	
		
		terrain_override = {
			
			
		}		
	}
	
	steppe = {
		color = { 147 200 83  }

		type = plains
		sound_type = plains

		movement_cost = 1.00
		local_development_cost = 0.20
		nation_designer_cost_multiplier = 0.9	
		supply_limit = 6
		
		terrain_override = {
			
		}	
	}	
}
	
##################################################################
### Graphical terrain
###		type	=	refers to the terrain defined above, "terrain category"'s 
### 	color 	= 	index in bitmap color table (see terrain.bmp)
###

terrain = {
	grasslands			= { type = grasslands		color = { 	0	 } }
	hills				= { type = hills			color = { 	1	 } }
	desert_mountain		= { type = mountain			color = { 	2	 } }
	desert				= { type = desert			color = { 	3	 } }

	plains				= { type = grasslands		color = { 	4	 } }
	terrain_5			= { type = grasslands		color = { 	5	 } }
	mountain			= { type = mountain			color = { 	6	 } }
	desert_mountain_low	= { type = desert			color = { 	7	 } }

	terrain_8			= { type = hills			color = { 	8	 } }
	marsh				= { type = marsh			color = { 	9	 } }
	terrain_10			= { type = farmlands		color = { 	10	 } }
	terrain_11			= { type = farmlands		color = { 	11	 } }

	forest_12			= { type = forest			color = { 	12	 } }
	forest_13			= { type = forest			color = { 	13	 } }
	forest_14			= { type = forest			color = { 	14	 } }
	ocean				= { type = ocean			color = { 	15	 } }

	snow				= { type = mountain 		color = { 	16	 } } # (SPECIAL CASE) Used to identify permanent snow
	inland_ocean_17 	= { type = inland_ocean		color = {	17	 } }

	coastal_desert_18	= { type = coastal_desert	color = { 	19	 } }
	coastline			= { type = coastline		color = { 	35	 } }
	
	savannah			= { type = savannah 		color = {	20	 } }
	drylands			= { type = drylands			color = {	22	 } }
	highlands			= { type = highlands		color = {	23	 } }
	dry_highlands		= { type = highlands		color = {	24	 } }
	
	woods				= { type = woods			color = { 	255	 } }
	jungle				= { type = jungle			color = { 	254	 } }
	
	terrain_21			= { type = farmlands		color = { 	21	 } }	
}

##################################################################
### Tree terrain
###		terrain	=	refers to the terrain tag defined above
### 	color 	= 	index in bitmap color table (see tree.bmp)
###

tree = {
	forest				= { terrain = forest 			color = { 	3 4 6 7 19 20	} }
	woods				= { terrain = woods 			color = { 	2 5 8 18	} }
	jungle				= { terrain = jungle 			color = { 	13 14 15	} }
	palms				= { terrain = desert 			color = { 	12	} }
	savana				= { terrain = grasslands 		color = { 	27 28 29 30	} }
}