North_node={
	location=162
	inland=yes
	outgoing={
		name="North_Oslo_node"
		control={
			3162.000000 1884.000000 3127.000000 1847.000000 3073.000000 1798.000000 3071.000000 1745.000000 
		}
	}
	outgoing={
		name="San_Petersburg_node"
		control={
			3228.000000 1795.000000 
		}
	}
	members={
		7 22 30 36 44 61 63 64 66 76 82 91 98 101 103 120 124 128 132 142 151 158 162 167 176 193 195 197 201 203 2992 2995 3008 3012 3016 3026 3040 3054 3055 3058 3067 3069 3073 3082 3095 3097 3104 3107 3115 3121 3125 3134 3149 3153 3156 3158 3170 3172 3185 3193 6012 6015 6024 6029 6045 6061 6076 6078 6079 6081 6083 6087 6092 6107 6117 6125 6128 6130 6132 6134 6137 6140 6142 6146 6161 6165 6168 6170 6175 6179 6181 6183 6194 6198 6208 6212 9042 9064 9074 9083 9089 9104 9106 9108 9112 9116 9119 9123 9128 9140 9143 9147 9156 9158 9179 9186 9189 9191 9198 9217 9219 9220 9223 9226 9233 11024 11030 11034 11041 11045 11050 11060 11063 11065 11067 11073 11077 11079 11081 11085 11096 11104 11115 11121 11125 11128 11130 11132 11140 11142 11144 11155 11164 11167 11169 11181 11199 11201 11204 11208 
	}
}
North_Oslo_node={
	location=6050
	inland=yes
	outgoing={
		name="Oslo_node"
		control={
			3015.000000 1724.000000 
		}
	}
	members={
		11 21 35 38 46 49 58 77 102 107 109 113 114 115 118 125 130 145 148 156 161 168 173 182 184 190 192 202 205 3003 3005 3018 3022 3034 3039 3044 3045 3048 3062 3070 3088 3093 3096 3098 3100 3106 3108 3111 3113 3126 3132 3138 3145 3148 3162 3173 3179 3182 3183 3191 6010 6023 6038 6041 6050 6055 6063 6067 6071 6074 6084 6093 6111 6114 6116 6118 6123 6126 6127 6129 6147 6152 6155 6173 6185 6187 6200 6206 6207 6209 6214 9035 9051 9066 9068 9069 9088 9093 9095 9109 9117 9126 9127 9132 9134 9139 9141 9148 9149 9151 9154 9171 9173 9175 9178 9182 9185 9193 9208 9209 9211 9216 9218 9229 9308 11026 11040 11044 11049 11052 11053 11058 11069 11082 11090 11091 11100 11102 11112 11116 11118 11120 11123 11129 11147 11148 11152 11157 11163 11173 11185 11187 11188 11190 11197 11206 11209 11278 11380 
	}
}
Oslo_node={
	location=6115
	inland=yes
	outgoing={
		name="North_Germany_node"
		control={
			2948.000000 1623.000000 
		}
	}
	outgoing={
		name="Ireland_node"
		control={
			2789.000000 1659.000000 
		}
	}
	members={
		10 14 27 53 65 69 100 111 122 133 137 144 147 171 179 188 199 242 295 299 316 329 332 363 383 394 399 3007 3021 3049 3059 3063 3090 3094 3105 3114 3128 3129 3136 3141 3171 3180 3188 3192 3206 3229 3260 3277 3286 3305 3307 3325 3341 3374 3375 3386 6028 6042 6072 6080 6115 6120 6136 6145 6148 6151 6160 6164 6176 6184 6188 6195 6196 6204 6216 6235 6287 6310 6311 6331 6345 6361 6364 6393 6397 6406 6412 9032 9036 9047 9054 9096 9103 9135 9138 9157 9170 9174 9196 9204 9227 9251 9279 9296 9300 9329 9362 9393 9406 9410 11028 11029 11037 11070 11078 11101 11113 11114 11135 11151 11160 11176 11184 11198 11215 11231 11251 11280 11289 11311 11327 11367 11376 11390 
	}
}
San_Petersburg_node={
	location=3151
	inland=yes
	outgoing={
		name="North_Oslo_node"
		control={
			3164.000000 1726.000000 
		}
	}
	outgoing={
		name="Baltic_node"
		control={
			3247.000000 1710.000000 
		}
	}
	outgoing={
		name="Russia_node"
		control={
			3347.000000 1710.000000 
		}
	}
	members={
		32 37 40 52 67 70 71 80 94 104 117 134 136 139 141 149 155 157 165 169 204 320 415 2998 3009 3013 3025 3030 3033 3050 3053 3060 3061 3068 3071 3078 3083 3084 3089 3110 3117 3119 3120 3122 3131 3133 3137 3144 3151 3161 3187 6009 6013 6021 6033 6035 6047 6066 6070 6082 6090 6096 6098 6108 6138 6141 6144 6153 6156 6163 6174 6186 6197 6210 6225 9038 9055 9056 9061 9073 9094 9097 9098 9100 9118 9120 9129 9150 9160 9163 9166 9167 9169 9176 9181 9183 9194 9197 9206 9212 9231 9234 9319 9331 11032 11033 11043 11054 11056 11059 11066 11068 11072 11076 11080 11092 11094 11105 11109 11126 11138 11141 11146 11150 11156 11162 11172 11174 11175 11186 11202 11210 11211 11212 11392 
	}
}
Baltic_node={
	location=6381
	inland=yes
	outgoing={
		name="Oslo_node"
		control={
			3089.000000 1683.000000 
		}
	}
	outgoing={
		name="Poland_node"
		control={
			3176.000000 1636.000000 
		}
	}
	outgoing={
		name="Belarus_node"
		control={
			3227.000000 1656.000000 
		}
	}
	members={
		83 185 211 222 265 281 308 310 319 327 341 348 395 408 496 530 567 592 3074 3152 3174 3194 3255 3272 3288 3296 3298 3319 3320 3337 3354 3384 3388 3525 4640 6099 6178 6201 6222 6229 6258 6281 6296 6314 6322 6332 6342 6360 6376 6381 6407 6408 6459 7482 9079 9221 9228 9240 9246 9262 9274 9275 9295 9317 9340 9357 9374 9404 9438 9483 9485 9499 9501 9731 10323 10493 11057 11127 11222 11226 11246 11265 11291 11302 11312 11358 11426 11443 11498 
	}
}
North_Germany_node={
	location=6521
	inland=yes
	outgoing={
		name="Netherland_node"
		control={
			2952.000000 1557.000000 
		}
	}
	members={
		17 241 247 268 293 309 317 321 336 349 374 375 388 405 425 444 478 482 495 514 526 529 537 538 552 564 573 587 3207 3231 3234 3258 3271 3283 3312 3326 3340 3355 3367 3368 3395 3397 3398 3438 3444 3460 3473 3485 3499 3500 3510 3512 3514 3522 3524 3532 3535 3545 3547 3561 3572 6218 6236 6257 6263 6282 6298 6309 6325 6334 6349 6377 6389 6390 6441 6444 6462 6469 6485 6487 6488 6501 6512 6513 6521 6524 6534 6535 6549 6558 6559 6570 6582 6595 6622 9238 9252 9264 9277 9281 9294 9306 9320 9334 9347 9361 9375 9387 9388 9428 9441 9443 9456 9470 9471 9482 9486 9496 9497 9509 9522 9524 9532 9535 9547 9560 9570 11219 11232 11233 11260 11264 11276 11288 11305 11316 11331 11343 11346 11359 11360 11366 11372 11388 11402 11415 11431 11444 11445 11468 11470 11478 11481 11493 11494 11505 11517 11533 11545 
	}
}
Poland_node={
	location=3544
	inland=yes
	outgoing={
		name="North_Germany_node"
		control={
			3068.000000 1558.000000 
		}
	}
	outgoing={
		name="North_Danob_node"
		control={
			3150.000000 1494.000000 
		}
	}
	members={
		243 266 279 290 318 334 347 362 389 400 402 417 422 438 442 467 474 479 491 493 506 513 524 535 536 548 560 562 572 584 3230 3254 3256 3281 3295 3309 3324 3351 3366 3380 3381 3392 3393 3410 3412 3458 3482 3483 3496 3497 3521 3544 3556 3559 3562 3586 6259 6280 6306 6321 6347 6359 6375 6401 6402 6415 6416 6435 6464 6484 6499 6511 6520 6522 6546 6557 6567 6579 6580 9263 9290 9316 9327 9346 9372 9398 9400 9412 9427 9439 9452 9454 9457 9468 9494 9508 9511 9520 9521 9544 9546 9558 11245 11247 11274 11285 11301 11329 11357 11385 11386 11398 11399 11413 11427 11428 11430 11441 11466 11467 11479 11492 11503 11507 11515 11528 11532 11543 11558 12562 
	}
}
Belarus_node={
	location=11370
	inland=yes
	outgoing={
		name="North_Crima_node"
		control={
			3254.000000 1566.000000 
		}
	}
	outgoing={
		name="Russia_node"
		control={
			3361.000000 1639.000000 
		}
	}
	members={
		207 215 216 233 277 289 294 304 323 331 342 358 360 386 398 406 3210 3219 3247 3267 3293 3310 3331 3345 3350 3362 3378 3390 3759 6220 6233 6242 6243 6249 6292 6293 6319 6326 6340 6344 6354 6371 6373 6413 9236 9241 9247 9287 9289 9304 9323 9341 9351 9359 9371 9386 9396 11216 11220 11230 11241 11259 11271 11290 11313 11322 11336 11341 11342 11353 11355 11370 11383 11391 
	}
}
North_Crima_node={
	location=525
	inland=yes
	outgoing={
		name="Crima_node"
		control={
			3324.000000 1475.000000 
		}
	}
	outgoing={
		name="North_Danob_node"
		control={
			3233.000000 1475.000000 
		}
	}
	outgoing={
		name="Volga_Don_node"
		control={
			3375.000000 1546.000000 
		}
	}
	members={
		238 288 315 409 414 418 434 441 457 458 462 463 473 476 488 489 501 504 511 522 523 525 534 546 547 550 558 559 565 570 582 3203 3225 3409 3430 3452 3455 3457 3468 3470 3480 3491 3494 3507 3508 3511 3520 3531 3542 3543 3557 3568 3570 3577 3584 3757 6232 6254 6304 6386 6423 6429 6451 6455 6458 6478 6480 6495 6497 6507 6508 6509 6519 6530 6532 6554 6556 6565 6578 6589 6593 6600 6605 9249 9288 9342 9413 9423 9433 9435 9437 9449 9451 9463 9465 9466 9476 9477 9479 9481 9491 9493 9506 9518 9519 9531 9533 9543 9554 9556 9566 9568 9576 11229 11397 11409 11424 11425 11437 11438 11439 11452 11453 11454 11461 11462 11464 11477 11487 11489 11490 11500 11504 11513 11514 11526 11530 11541 11553 11557 11705 
	}
}
Crima_node={
	location=3686
	inland=yes
	outgoing={
		name="Balkan_node"
		control={
			3260.000000 1381.000000 
		}
	}
	outgoing={
		name="Caucasia_node"
		control={
			3391.000000 1420.000000 3450.000000 1380.000000 
		}
	}
	members={
		429 453 472 486 502 568 574 585 588 705 717 719 721 737 741 754 767 3399 3403 3421 3449 3466 3479 3573 3575 3587 3686 3701 3707 3717 3722 3724 3738 3755 3767 6420 6445 6474 6493 6505 6596 6597 6704 6724 6727 6738 6741 6743 6755 6768 6771 6776 6781 6783 9417 9419 9430 9446 9461 9571 9573 9677 9680 9683 9694 9698 9712 9714 9718 9729 9744 11403 11405 11422 11434 11546 11559 11561 11649 11670 11683 11686 11700 11703 11715 11729 
	}
}
North_Danob_node={
	location=9617
	inland=yes
	outgoing={
		name="South_Germany_node"
		control={
			3132.000000 1454.000000 
		}
	}
	members={
		466 555 577 581 614 637 646 660 662 674 676 679 682 684 690 693 696 699 701 711 713 716 723 727 730 744 746 818 3407 3434 3484 3537 3548 3550 3565 3581 3614 3623 3630 3636 3639 3645 3663 3665 3670 3676 3680 3689 3694 3696 3709 3713 3728 3730 3731 3741 3743 6431 6460 6483 6561 6571 6573 6584 6586 6604 6643 6652 6658 6667 6670 6677 6679 6682 6685 6695 6697 6700 6703 6706 6709 6711 6714 6716 6729 6731 6735 6747 6751 6761 9425 9537 9548 9551 9563 9606 9617 9619 9621 9624 9640 9643 9651 9656 9660 9668 9670 9672 9676 9685 9687 9690 9701 9704 9706 9716 11411 11520 11522 11534 11536 11539 11550 11554 11588 11592 11603 11605 11608 11610 11619 11622 11625 11636 11639 11644 11646 11652 11655 11657 11659 11663 11672 11676 11679 11689 11691 11787 
	}
}
South_Germany_node={
	location=11666
	inland=yes
	outgoing={
		name="North_Germany_node"
		control={
			3033.000000 1517.000000 
		}
	}
	outgoing={
		name="Alp_Trade_node"
		control={
			2968.000000 1472.000000 
		}
	}
	outgoing={
		name="North_Balkan_node"
		control={
			3052.000000 1451.000000 
		}
	}
	members={
		421 424 445 469 494 532 541 543 557 561 563 569 571 583 586 589 653 668 686 688 704 707 708 732 3299 3414 3418 3423 3462 3474 3530 3541 3553 3558 3569 3571 3574 3583 3585 3673 3674 3675 3683 3684 3688 3700 3703 3705 3716 3718 5283 6418 6421 6440 6470 6540 6552 6555 6562 6568 6576 6581 6590 6592 6594 6673 6687 6690 6691 6708 6720 6723 6725 6739 7857 9414 9416 9421 9429 9515 9517 9527 9539 9541 9545 9555 9557 9567 9569 9572 9575 9646 9648 9650 9661 9665 9679 9681 9692 11401 11404 11414 11417 11432 11497 11499 11511 11525 11529 11531 11542 11544 11547 11556 11560 11627 11630 11651 11653 11666 13116 
	}
}
Alp_Trade_node={
	location=9620
	inland=yes
	outgoing={
		name="Netherland_node"
		control={
			2921.000000 1485.000000 2915.000000 1505.000000 2893.000000 1525.000000 
		}
	}
	outgoing={
		name="Paris_node"
		control={
			2867.000000 1481.000000 
		}
	}
	outgoing={
		name="Spance_node"
		control={
			2916.000000 1409.000000 2880.000000 1396.000000 2850.000000 1387.000000 
		}
	}
	members={
		519 549 603 607 611 636 658 661 663 671 673 678 692 694 698 764 770 771 773 776 778 911 956 969 1346 3612 3641 3646 3660 3662 3666 3679 3690 3692 3762 3764 3768 3772 3773 3776 3780 3782 3928 3959 3961 3976 6529 6542 6609 6631 6635 6639 6661 6666 6668 6675 6678 6680 6683 6693 6712 6780 6784 6788 6790 6934 6973 6975 9503 9584 9587 9598 9600 9603 9618 9620 9622 9630 9633 9636 9638 9652 9655 9666 9736 9738 9741 9745 9752 9909 11486 11568 11570 11573 11587 11590 11598 11601 11604 11615 11618 11620 11623 11634 11638 11640 11721 11723 11726 11730 11834 11875 11891 
	}
}
Netherland_node={
	location=391
	inland=yes
	outgoing={
		name="Paris_node"
		control={
			2867.000000 1522.000000 
		}
	}
	outgoing={
		name="English_node"
		control={
			2847.000000 1545.000000 
		}
	}
	members={
		68 391 454 480 485 516 575 3211 3262 3314 3402 3447 3476 3488 3516 3536 3546 3560 3576 3629 5291 6241 6286 6336 6446 6496 6500 6504 6537 6545 6560 6569 6583 6585 6598 9309 9335 9363 9403 9418 9431 9434 9444 9472 9498 9500 9536 9559 9561 9574 11318 11407 11419 11420 11435 11456 11483 11502 11519 11548 11549 11562 11563 11606 13011 13068 13081 
	}
}
Paris_node={
	location=11506
	inland=yes
	outgoing={
		name="Spance_node"
		control={
			2828.000000 1430.000000 
		}
	}
	outgoing={
		name="English_node"
		control={
			2813.000000 1523.000000 
		}
	}
	members={
		503 512 521 527 539 542 551 553 590 595 620 625 629 641 648 651 655 667 669 680 817 3493 3495 3506 3509 3523 3533 3534 3549 3552 3579 3589 3594 3598 3621 3626 3650 3652 3655 3659 3669 3671 3681 3758 6449 6518 6531 6533 6536 6547 6548 6572 6599 6613 6618 6644 6648 6651 6657 6688 6698 6949 9478 9490 9492 9495 9505 9507 9510 9523 9525 9534 9550 9578 9590 9593 9597 9607 9609 9625 9629 9631 9642 9644 9658 9725 9748 9867 11463 11465 11488 11491 11506 11508 11516 11518 11521 11535 11576 11582 11593 11596 11600 11611 11613 11616 11628 11631 11642 11732 11794 11869 
	}
}
Spance_node={
	location=9764
	inland=yes
	outgoing={
		name="North_Iberia_node"
		control={
			2790.000000 1345.000000 
		}
	}
	members={
		740 743 752 755 760 762 769 780 790 798 813 854 872 897 899 915 929 932 943 948 958 3735 3737 3740 3749 3751 3754 3770 3771 3816 3873 3898 3899 3909 3915 3931 3933 3946 3948 3954 6621 6756 6759 6762 6766 6770 6773 6775 6777 6786 6789 6792 6812 6817 6836 6865 6878 6901 6903 6915 6917 6927 6931 6960 6962 6966 7213 9710 9717 9723 9728 9732 9734 9737 9751 9764 9797 9813 9824 9840 9842 9853 9857 9882 9884 9898 11565 11697 11699 11702 11709 11711 11713 11716 11718 11720 11737 11779 11793 11819 11821 11838 11849 11877 12169 
	}
}
North_Iberia_node={
	location=3938
	inland=yes
	outgoing={
		name="Iberia_node"
		control={
			2714.000000 1307.000000 
		}
	}
	members={
		724 726 729 738 758 794 799 844 845 857 858 874 877 884 885 889 896 903 918 920 924 938 939 977 3725 3727 3729 3744 3761 3794 3798 3820 3845 3858 3859 3861 3874 3887 3892 3902 3918 3920 3926 3938 3969 3986 4024 6734 6746 6749 6764 6818 6841 6866 6867 6879 6907 6914 6921 6924 6936 6941 6955 6993 6996 9686 9689 9699 9700 9703 9719 9767 9770 9785 9787 9800 9817 9827 9839 9846 9852 9870 9872 9877 9917 9933 11673 11675 11677 11684 11688 11692 11707 11710 11756 11766 11780 11806 11809 11820 11825 11840 11843 11852 11854 11870 11885 
	}
}
Iberia_node={
	location=11805
	inland=yes
	outgoing={
		name="Washington_DC_node"
		control={
			2245.000000 1326.000000 
		}
	}
	members={
		747 809 832 871 875 879 888 931 942 950 962 970 980 985 1048 1090 1093 1176 1178 1192 3790 3799 3810 3835 3846 3866 3871 3886 3891 3930 3940 3945 3953 4065 4080 4095 4098 4135 4182 4195 6744 6800 6832 6856 6880 6884 6896 6902 6906 6933 6948 6954 6959 6986 7068 7098 7111 7153 7183 7196 7198 9757 9765 9778 9812 9815 9819 9828 9869 9881 9889 9891 9896 9903 9925 9979 10009 10024 10063 10094 10109 10111 11742 11749 11768 11798 11805 11807 11812 11851 11863 11884 11956 12038 12070 12081 12083 
	}
}
North_Balkan_node={
	location=591
	inland=yes
	outgoing={
		name="Balkan_node"
		control={
			3107.000000 1403.000000 
		}
	}
	outgoing={
		name="Italy_node"
		control={
			3023.000000 1395.000000 
		}
	}
	members={
		591 596 599 606 619 624 630 665 797 937 953 982 984 3592 3596 3601 3609 3617 3627 3631 3649 3654 3868 3896 3922 3924 3939 3943 3956 3974 3984 3985 6611 6614 6619 6626 6634 6647 6650 6672 6799 6889 6913 6940 6942 6953 6957 6970 6983 6998 9586 9588 9591 9595 9596 9599 9602 9608 9611 9627 9756 9771 9780 9809 9821 9849 9890 9894 9906 9922 11564 11572 11574 11577 11580 11581 11583 11586 11594 11595 11612 11735 11741 11816 11845 11858 11872 11887 11899 11901 
	}
}
Balkan_node={
	location=949
	inland=yes
	outgoing={
		name="Eastern_Mediterranean_node"
		control={
			3141.000000 1321.000000 
		}
	}
	members={
		649 657 687 793 833 841 867 878 893 907 914 922 935 936 949 965 966 974 3076 3448 3526 3796 3819 3833 3865 3879 3882 3884 3893 3908 3914 3937 3952 3971 3980 6814 6842 6857 6886 6895 6900 6923 6952 6967 6982 6990 9610 9612 9614 9635 9769 9783 9791 9805 9818 9833 9837 9862 9874 9875 9888 9902 9914 9916 9919 10203 11597 11754 11762 11767 11786 11813 11832 11842 11856 11857 11868 11895 12001 
	}
}
Eastern_Mediterranean_node={
	location=4109
	inland=yes
	outgoing={
		name="Anatoli_node"
		control={
			3226.000000 1291.000000 3291.000000 1303.000000 
		}
	}
	outgoing={
		name="Italy_node"
		control={
			3106.000000 1299.000000 
		}
	}
	members={
		775 784 806 849 863 895 928 976 1005 1106 1109 1119 1122 1164 1173 1205 3401 3748 3788 3844 3864 3927 3936 3973 3988 4008 4078 4109 4112 4124 4127 4170 4178 4193 6550 6807 6864 6894 6930 6956 6992 7003 7026 7096 7127 7130 7143 7193 7211 8435 9763 9799 9887 9921 9929 9930 9940 9941 10007 10038 10041 10056 10122 10163 11746 11774 11810 11818 11848 11905 11907 11917 11965 11984 12013 12016 12058 12096 14426 14674 14675 14676 
	}
}
Anatoli_node={
	location=11747
	inland=yes
	outgoing={
		name="Caucasia_node"
		control={
			3414.000000 1328.000000 3469.000000 1337.000000 
		}
	}
	outgoing={
		name="Middel_East_node"
		control={
			3384.000000 1296.000000 
		}
	}
	members={
		652 785 804 856 864 869 876 886 890 904 909 919 921 933 940 947 960 961 975 979 981 3786 3807 3851 3856 3862 3870 3876 3890 3903 3905 3907 3919 3935 3950 3951 3964 3965 3967 3979 3982 3983 6808 6813 6871 6877 6888 6908 6912 6919 6920 6925 6935 6938 6945 6950 6965 6977 6978 6995 7470 7620 9755 9761 9777 9806 9811 9830 9844 9858 9860 9861 9868 9871 9878 9900 9901 9912 9915 9954 10399 10497 11739 11747 11759 11778 11784 11792 11796 11797 11811 11826 11829 11831 11839 11844 11853 11860 11866 11867 11880 11881 11883 11894 11897 11898 12318 12376 13058 14654 14655 14657 14658 14664 14665 14671 14672 
	}
}
Caucasia_node={
	location=1599
	inland=yes
	outgoing={
		name="Persia_node"
		control={
			3554.000000 1338.000000 3577.000000 1330.000000 3565.000000 1299.000000 3580.000000 1258.000000 
		}
	}
	members={
		257 654 670 672 683 685 712 772 789 1467 1530 1536 1539 1599 1610 3564 3653 3656 3658 3668 3714 4458 4477 4534 4545 4583 4605 4614 4660 6113 6436 6642 6669 6671 6689 6701 6702 6718 6748 6763 6976 6991 6997 7454 7495 7661 9050 9270 9626 9628 9645 9649 9663 9674 9702 9715 9886 9932 10403 10472 11599 11617 11633 11645 11647 11674 11693 11704 11708 11753 12309 12320 12380 12434 12441 12450 13282 14659 14660 14661 14663 
	}
}
Astrakhan_node={
	location=9753
	inland=yes
	outgoing={
		name="Caucasia_node"
		control={
			3539.000000 1421.000000 3506.000000 1387.000000 
		}
	}
	outgoing={
		name="Samarkand_node"
		control={
			3645.000000 1421.000000 3735.000000 1372.000000 
		}
	}
	members={
		326 410 432 464 470 477 481 483 554 576 615 731 742 1247 1371 3316 3417 3435 3439 3443 3464 3467 3487 3502 3515 3517 3538 3563 3582 3597 3618 3622 3726 3746 3774 4294 4322 4394 6430 6473 6479 6502 6506 6514 6516 6523 6525 6541 6564 6574 6575 6620 6765 6796 7341 7370 7438 9337 9426 9440 9447 9453 9455 9459 9474 9475 9504 9538 9549 9577 9581 9592 9688 9720 9753 10253 10264 11395 11400 11442 11447 11457 11469 11473 11480 11482 11484 11510 11524 11537 11578 11579 11661 11678 11690 11694 11696 11706 11724 11727 11736 12108 12179 12235 12294 
	}
}
Kazakhestan_node={
	location=10146
	inland=yes
	outgoing={
		name="Mongolia_node"
		control={
			4161.000000 1514.000000 4342.000000 1466.000000 
		}
	}
	outgoing={
		name="Kashgar_node"
		control={
			4066.000000 1374.000000 4068.000000 1337.000000 
		}
	}
	members={
		1220 1223 1229 1239 1243 1272 1276 1287 1294 1303 1309 1312 1314 1360 1363 1375 1382 1391 1402 1418 1429 1662 1668 1680 1694 1709 1733 1749 1797 1800 1818 1840 1864 1879 4215 4227 4232 4238 4250 4281 4300 4303 4309 4333 4337 4340 4369 4374 4376 4389 4492 4595 4651 4661 4670 4674 4685 4764 4773 4780 4845 4850 4867 7233 7243 7298 7317 7326 7332 7335 7337 7350 7354 7357 7392 7401 7405 7407 7425 7429 7600 7657 7680 7687 7708 7711 7741 7784 7795 7800 7856 7874 7890 10131 10140 10146 10161 10164 10168 10179 10202 10218 10220 10224 10235 10239 10268 10275 10277 10284 10290 10292 10308 10312 10452 10508 10531 10537 10546 10547 10550 10568 10584 10610 10619 10630 10633 10653 10680 10713 11410 12115 12139 12143 12152 12170 12177 12185 12194 12198 12227 12229 12257 12266 12285 12385 12427 12487 12529 12546 12564 12594 12613 12616 12619 12635 12662 12679 13197 
	}
}
Samarkand_node={
	location=4629
	inland=yes
	outgoing={
		name="Kazakhestan_node"
		control={
			3910.000000 1356.000000 
		}
	}
	outgoing={
		name="Khorasan_node"
		control={
			3850.000000 1282.000000 
		}
	}
	outgoing={
		name="Persia_node"
		control={
			3724.000000 1309.000000 3679.000000 1259.000000 3646.000000 1238.000000 
		}
	}
	members={
		475 642 666 728 1216 1455 1459 1479 1483 1493 1517 1532 1554 1573 1576 1591 1593 1614 1623 1649 1675 1825 1919 2058 3593 3682 3711 4224 4316 4391 4467 4488 4499 4523 4542 4563 4578 4581 4599 4618 4620 4629 4636 4638 4686 4768 4923 5062 6274 6730 6833 7228 7416 7477 7486 7501 7507 7541 7554 7556 7563 7597 7618 7624 7635 7639 7641 7682 7689 7706 7775 7777 7924 8099 9605 9647 10148 10187 10262 10348 10353 10359 10366 10395 10406 10408 10414 10420 10435 10470 10485 10488 10506 10530 10601 10603 10660 10671 11281 11324 11609 11624 11632 11687 11701 12161 12163 12298 12324 12329 12333 12340 12370 12383 12397 12430 12454 12465 12471 12474 12491 12511 12581 12583 12640 12658 13008 475 642 666 728 1216 1455 1459 1479 1483 1493 1517 1532 1554 1573 1576 1591 1593 1614 1623 1649 1675 1825 1919 2058 3593 3682 3711 4224 4316 4391 4467 4488 4499 4523 4542 4563 4578 4581 4599 4618 4620 4629 4636 4638 4686 4768 4923 5062 6274 6730 6833 7228 7416 7477 7486 7501 7507 7541 7554 7556 7563 7597 7618 7624 7635 7639 7641 7682 7689 7706 7775 7777 7924 8099 9605 9647 10148 10187 10262 10348 10353 10359 10366 10395 10406 10408 10414 10420 10435 10470 10485 10488 10506 10530 10601 10603 10660 10671 11281 11324 11609 11624 11632 11687 11701 12161 12163 12298 12324 12329 12333 12340 12370 12383 12397 12430 12454 12465 12471 12474 12491 12511 12581 12583 12640 12658 13008 
	}
}
Khorasan_node={
	location=10737
	inland=yes
	outgoing={
		name="Kashmir_node"
		control={
			3930.000000 1212.000000 
		}
	}
	outgoing={
		name="Kashgar_node"
		control={
			3911.000000 1259.000000 3963.000000 1274.000000 
		}
	}
	members={
		3 15 39 90 93 95 106 116 126 129 140 272 330 500 756 1384 1632 1995 2017 2062 2078 2084 3461 3720 3765 4482 4549 4558 4580 4893 4958 4990 5003 5064 5082 6736 7224 7448 7491 7519 7560 7584 7763 7847 7916 7975 7984 8027 8044 8053 8090 9199 9489 9709 9726 9816 10205 10357 10417 10476 10523 10737 10742 10781 10789 10813 10826 10842 10852 10896 11107 11119 11193 11269 11523 11614 12218 12239 12248 12250 12314 12574 12599 12602 12653 12722 12769 12788 12805 12831 12861 12871 12877 13043 13044 13045 13047 14641 14642 14647 14648 14649 14650 14651 14652 
	}
}
Persia_node={
	location=10837
	inland=yes
	outgoing={
		name="Persian_Gulf_node"
		control={
			3605.000000 1208.000000 3574.000000 1194.000000 
		}
	}
	members={
		154 164 174 282 292 297 314 324 325 357 367 471 499 520 578 748 757 1822 1896 1922 1963 2071 3167 3177 3186 3285 3303 3304 3346 3370 3372 3377 3406 3475 3505 3555 3566 3667 3672 3779 4473 4553 4609 4637 4943 4983 5005 5067 5073 6016 6089 6149 6190 6199 6202 6213 6231 6302 6312 6329 6366 6370 6372 6374 6382 6392 6527 6538 6539 6563 6601 6760 7953 8009 8074 8093 8125 9033 9146 9172 9180 9210 9256 9282 9291 9305 9326 9344 9389 9391 9407 9409 9432 9436 9445 9502 9514 9564 9722 10207 10454 10510 10759 10828 10837 10873 10922 11192 11200 11227 11239 11240 11249 11255 11262 11292 11335 11344 11364 11377 11451 11458 11475 11671 12359 12748 12780 12818 
	}
}
Middel_East_node={
	location=12473
	inland=yes
	outgoing={
		name="Persia_node"
		control={
			3480.000000 1242.000000 3543.000000 1238.000000 
		}
	}
	outgoing={
		name="Hejaz_node"
		control={
			3473.000000 1114.000000 
		}
	}
	outgoing={
		name="Egypt_node"
		control={
			3368.000000 1215.000000 3354.000000 1193.000000 3352.000000 1168.000000 3330.000000 1149.000000 
		}
	}
	members={
		6 792 901 1015 1056 1065 1072 1074 1086 1088 1108 1201 1331 1463 1544 1549 1578 1600 1606 1631 1634 1938 2013 2097 3072 3404 3795 3889 3916 3921 3942 4017 4088 4111 4115 4206 4254 4277 4440 4486 4512 4550 4562 4574 4591 4603 4951 5014 6154 6411 6491 6498 6826 6883 7001 7107 7140 7151 7170 7176 7184 7313 7322 7410 7513 7530 7671 7994 8123 9823 9893 10087 10089 10106 10211 10295 10301 10383 10744 10793 10804 10811 10876 10882 11375 11552 11871 11919 11970 11976 12029 12046 12111 12121 12254 12316 12372 12387 12413 12416 12442 12473 12476 12839 12855 14653 14667 14668 14669 14670 14673 14805 
	}
}
Persian_Gulf_node={
	location=2089
	inland=yes
	members={
		78 404 618 829 1888 1955 1957 1982 2000 2004 2026 2048 2089 3196 3328 3529 4928 4932 4966 5029 5050 5089 5098 6369 6490 6492 6503 6588 7383 7573 7960 7969 7977 8001 8031 8040 8051 8085 8108 8117 9266 10351 10385 10768 10791 10890 10904 10913 11248 11421 12702 12704 12726 12756 12773 12809 12816 12879 14174 14176 14190 14218 14236 14257 14795 14796 14797 14798 14799 14800 14801 14802 14803 14804 14818 14819 14820 
	}
	end=yes
}
Makran_node={
	location=1986
	inland=yes
	outgoing={
		name="Khorasan_node"
		control={
			3764.000000 1163.000000 3846.000000 1193.000000 
		}
	}
	outgoing={
		name="Persia_node"
		control={
			3653.000000 1181.000000 3630.000000 1228.000000 
		}
	}
	members={
		214 498 700 735 750 765 1179 1297 1636 1659 1697 1704 1722 1889 1948 1986 2039 2070 2101 3360 3503 3519 3752 3760 4755 4825 4891 4901 4949 4959 5020 5043 5075 5095 5105 6404 6674 6692 6721 7602 7604 7917 7982 8013 8066 8098 9632 9691 9696 10782 10797 10881 11664 12739 12761 12774 12793 12832 12895 13082 14234 14643 14644 14645 14646 
	}
}
Hejaz_node={
	location=12727
	inland=yes
	outgoing={
		name="Persian_Gulf_node"
		control={
			3540.520020 1092.119995 3546.000000 1132.000000 
		}
	}
	outgoing={
		name="Aden_node"
		control={
			3512.000000 947.000000 
		}
	}
	members={
		1033 1923 2027 2033 2057 2090 2095 4968 4974 4981 5006 5024 5027 5037 5058 5093 5099 7934 7970 7995 8004 8030 8060 8073 8092 8101 8118 10748 10786 10815 10835 10850 10870 10892 10901 10923 12101 12455 12727 12749 12758 12813 12870 12883 14253 14407 14408 14409 14410 14411 14412 14414 14418 14419 14420 14422 14808 14809 14810 14811 14812 14813 14814 14816 14817 
	}
}
Aden_node={
	location=5074
	inland=yes
	outgoing={
		name="Makran_node"
		control={
			3574.000000 909.000000 3680.000000 958.000000 3734.000000 1070.000000 
		}
	}
	outgoing={
		name="Karachi_node"
		control={
			3772.000000 948.000000 
		}
	}
	outgoing={
		name="Ethiopia_node"
		control={
			3450.000000 825.000000 
		}
	}
	members={
		1002 1237 1726 1735 1741 1748 1750 1765 1775 1784 1790 1792 1905 1920 1947 1964 1966 1973 1984 2018 2029 2059 2072 2103 3995 4180 4247 4387 4909 4924 4976 4985 4993 5017 5041 5047 5049 5068 5074 5091 5097 7112 7195 7290 7393 7944 7980 8000 8002 8020 8043 8094 8124 10048 10752 10760 10777 10818 10833 10840 10891 10921 12723 12757 12759 12766 12814 12821 12840 12894 13079 13882 13902 13911 13913 13927 13954 13967 13975 13990 13993 14260 14266 14273 14275 14343 14362 14363 14370 14371 14373 14375 14377 14382 14383 14384 14385 14388 14389 14390 14391 14392 14393 14395 14397 14398 14399 14400 14403 14406 14440 14807 
	}
}
Karachi_node={
	location=4003
	inland=yes
	outgoing={
		name="Khorasan_node"
		control={
			3880.000000 1131.000000 
		}
	}
	outgoing={
		name="Makran_node"
		control={
			3761.000000 1054.000000 3762.000000 1103.000000 
		}
	}
	outgoing={
		name="Bambaii_node"
		control={
			3949.000000 1014.000000 3952.000000 943.000000 
		}
	}
	members={
		150 152 160 163 170 172 175 178 189 223 226 227 228 231 1061 1103 1144 1147 1190 1971 1980 3322 3330 3349 3357 3456 3477 3478 3489 3490 3492 3551 3554 3567 3578 3580 3734 4003 4064 4090 4110 4132 4382 4984 7020 7049 7084 7207 7903 9975 10108 10118 10735 10847 10866 10898 12037 12792 12886 14423 14424 14425 
	}
}
Kashmir_node={
	location=306
	inland=yes
	outgoing={
		name="Delhi_node"
		control={
			3989.000000 1165.000000 
		}
	}
	members={
		18 23 26 45 72 74 75 79 84 85 86 89 92 135 143 146 256 261 273 274 278 283 287 300 302 306 307 328 333 335 338 340 343 344 346 352 353 354 355 366 371 372 1107 1129 1898 1910 1961 1978 2032 2041 2076 3385 3391 3413 3459 3465 3989 4979 4998 5002 5042 5157 7106 7273 7316 7759 8005 8007 8022 8106 9084 9313 9318 9336 10021 10066 10139 10173 10729 10772 10802 10821 10843 10887 10905 11122 12005 12708 12717 12754 12763 12822 12884 
	}
}
Delhi_node={
	location=2086
	inland=yes
	outgoing={
		name="Tibet_node"
		control={
			4106.000000 1122.000000 4175.000000 1134.000000 
		}
	}
	members={
		181 232 236 246 248 252 376 378 381 382 387 390 392 401 403 426 449 452 468 508 510 545 566 580 675 714 725 739 745 759 1199 1343 1350 1377 1397 1406 1450 1541 1543 1754 1807 1810 1821 1908 1949 1983 2002 2036 2054 2086 2092 2994 3066 3077 3116 3266 3269 3270 3276 3278 3279 3282 3289 3297 3306 3313 3664 3695 3698 3723 3739 4045 4149 4299 4386 4459 4915 4971 4987 5040 5055 5086 5096 6481 6577 6602 6603 6615 6684 6686 6733 6750 6753 6774 6791 6794 7064 7080 7334 7374 7905 7998 8082 8114 9261 9276 9292 9301 9302 9311 9345 9348 9352 9353 9355 9356 9951 9973 10751 10794 10807 10825 10910 11955 12041 12137 12718 12777 12786 12829 12844 12868 12876 
	}
}
Bambaii_node={
	location=1273
	inland=yes
	outgoing={
		name="East_India_node"
		control={
			4041.000000 941.000000 
		}
	}
	members={
		1254 1258 1273 1278 1317 1349 1359 1405 2105 3280 3291 3321 3332 3333 3344 3348 3356 3358 3364 3376 3382 3383 3504 4072 4106 4187 4278 4291 4353 4395 4950 4953 5019 5063 5104 6135 6139 6143 6150 6157 6158 6159 6162 6172 6191 6203 6217 6224 6230 6248 6269 6273 6275 6379 6380 6387 6396 6398 6468 6477 6551 7013 7060 7119 7150 7165 7177 7205 7232 7250 7411 7430 8076 8087 9365 9370 10019 10030 10210 10259 10270 10311 10324 10799 10816 10872 11952 11993 11995 12080 12092 12105 12142 12182 12208 12226 12269 12295 12743 12781 12799 
	}
}
East_India_node={
	location=10001
	inland=yes
	outgoing={
		name="Delhi_node"
		control={
			4053.000000 1042.000000 
		}
	}
	outgoing={
		name="Bangal_node"
		control={
			4154.000000 999.000000 
		}
	}
	members={
		1101 1228 1275 1290 1292 1318 1325 1336 1510 1538 1569 1579 1622 1637 2005 3035 3057 3064 3226 3236 3240 3250 3257 3259 3261 3263 3334 4237 4280 4283 4314 4351 4356 4372 4400 4410 4411 4472 4513 4516 4557 4571 4731 4758 4797 4805 4813 4883 6388 6394 6403 6410 6414 6417 6424 6432 6450 6463 7090 7297 7372 7428 7465 7497 7574 7619 7938 8120 9946 10001 10060 10171 10255 10332 10358 10401 10428 10469 10471 10511 10801 11924 11950 11978 12035 12114 12241 12307 12375 12420 12452 12462 12480 12490 12854 
	}
}
South_India_node={
	location=10246
	inland=yes
	outgoing={
		name="Bambaii_node"
		control={
			3995.000000 846.000000 
		}
	}
	outgoing={
		name="Barme_node"
		control={
			4194.000000 826.000000 
		}
	}
	outgoing={
		name="Malesia_node"
		control={
			4237.000000 701.000000 
		}
	}
	members={
		1213 1238 1268 1321 1344 1381 1409 1412 1430 4219 4315 4321 4327 4344 4365 4414 4416 4420 4829 4967 5032 6034 6056 6057 6073 6077 6088 6094 6095 6097 6101 6112 6119 6124 6131 6278 6279 6283 6284 6285 6297 6305 6308 6316 6317 6324 6327 6330 6339 6346 6365 6367 6486 6494 6517 6543 7244 7260 7265 7288 7310 7340 7344 7363 7391 7395 7402 7436 7447 8011 8067 8100 10130 10149 10152 10190 10201 10208 10229 10246 10274 10278 10287 10296 10756 10808 10897 12146 12164 12180 12247 12258 12275 12734 12779 13019 13212 13214 13215 
	}
}
Bangal_node={
	location=11929
	inland=yes
	outgoing={
		name="Barme_node"
		control={
			4281.000000 993.000000 
		}
	}
	outgoing={
		name="Xian_node"
		control={
			4277.000000 1065.000000 
		}
	}
	members={
		997 1014 1059 1075 1082 1116 1142 1159 1197 1444 1497 1525 1553 1581 1609 1656 1842 1934 1996 2843 2999 3004 3027 3031 3079 3087 3101 3135 3139 3140 3142 3154 3157 3163 3166 3189 3197 3202 3216 3756 3777 3811 3999 4019 4062 4087 4104 4147 4162 4204 4245 4261 4318 4326 4425 4435 4454 4544 4588 4616 4644 4996 5310 6838 6961 7078 7122 7124 7163 7179 7190 7220 7237 7266 7281 7309 7346 7373 7431 7444 7455 7475 7534 7537 7565 7593 7634 7662 7672 7754 7781 7804 7838 8010 8063 9039 9043 9045 9059 9078 9107 9110 9115 9122 9144 9155 9162 9164 9165 9935 9991 9993 10033 10035 10077 10088 10090 10116 10349 10361 10389 10416 10443 10486 10514 10810 10878 11911 11929 11966 11968 12010 12050 12063 12090 12322 12335 12338 12366 12395 12423 12464 12730 12860 12892 
	}
}
Barme_node={
	location=1330
	inland=yes
	outgoing={
		name="Vietname_node"
		control={
			4392.000000 894.000000 
		}
	}
	outgoing={
		name="Malesia_node"
		control={
			4318.000000 792.000000 4352.000000 722.000000 
		}
	}
	outgoing={
		name="Xian_node"
		control={
			4364.000000 1009.000000 
		}
	}
	members={
		1170 1253 1296 1315 1330 1333 1357 1385 1403 1417 1488 1492 1507 1566 1607 1650 1990 2061 3651 4059 4175 4202 4210 4275 4293 4319 4336 4348 4392 4408 4496 4541 4566 4568 4585 4613 4626 4654 7034 7103 7254 7295 7312 7338 7353 7367 7382 7400 7441 7469 7492 7531 7544 7559 7562 7572 7587 7603 7647 7675 7909 7974 8045 10154 10182 10193 10217 10223 10267 10283 10321 10330 10344 10356 10371 10384 10386 10398 10411 10456 10496 10920 12125 12127 12173 12197 12238 12251 12256 12267 12284 12292 12317 12345 12363 12392 12404 12433 12449 12492 
	}
}
Vietname_node={
	location=7319
	inland=yes
	outgoing={
		name="Bornco_node"
		control={
			4534.000000 766.000000 
		}
	}
	outgoing={
		name="Malesia_node"
		control={
			4393.000000 755.000000 
		}
	}
	
	outgoing={
		name="South_China_node"
		control={
			4445.000000 951.000000 4485.000000 966.000000 
		}
	}
	members={
		1073 1157 1185 1244 1248 1285 1300 1302 1324 1328 1353 1362 1374 1390 1396 1400 1423 1464 1520 1535 1548 1563 1577 1592 1605 1620 4075 4119 4223 4251 4255 4260 4284 4302 4330 4334 4339 4341 4359 4363 4379 4397 4401 4405 4511 4529 4539 4554 4582 4596 4639 7015 7075 7093 7218 7229 7238 7271 7280 7292 7303 7319 7331 7347 7356 7376 7380 7404 7426 7432 7516 7518 7601 7645 9948 9961 9988 10016 10075 10103 10129 10134 10137 10162 10177 10180 10195 10204 10232 10238 10261 10289 10293 10309 10317 10326 10425 10438 10453 10467 11909 11936 12008 12048 12065 12075 12109 12133 12150 12167 12176 12191 12195 12204 12210 12232 12260 12264 12288 12297 12319 12332 12360 12373 12388 12402 12417 12431 12447 12460 12475 
	}
}
Malesia_node={
	location=12299
	inland=yes
	outgoing={
		name="Bornco_node"
		control={
			4527.000000 688.000000 
		}
	}
	outgoing={
		name="Indonesia_node"
		control={
			4436.000000 582.000000 
		}
	}
	members={
		1246 1274 1277 1279 1281 1291 1308 1313 1332 1337 1342 1345 1348 1364 1366 1373 1376 1392 1394 1401 1427 1428 1460 1533 1648 4211 4276 4297 4310 4312 4320 4355 4361 4364 4367 4371 4381 4384 4388 4412 4424 4433 4446 4652 7225 7236 7308 7327 7329 7342 7368 7384 7396 7399 7408 7427 7440 7463 7658 7673 8360 10150 10156 10158 10194 10209 10221 10225 10227 10250 10294 10297 10313 10322 10354 10382 10509 10522 12113 12122 12126 12131 12138 12144 12165 12168 12181 12184 12199 12201 12209 12212 12215 12220 12224 12230 12255 12268 12271 12286 12296 12299 12302 12343 12415 12488 14743 14744 14745 
	}
}
Bornco_node={
	location=7387
	inland=yes
	outgoing={
		name="East_China_Sea_node"
		control={
			4619.000000 768.000000 4675.000000 941.000000 4732.000000 1011.000000 
		}
	}
	members={
		1208 1224 1225 1230 1252 1261 1304 1306 1311 1316 1335 1340 1368 1372 1404 1416 2047 2117 2170 2184 2222 4216 4228 4236 4269 4279 4282 4288 4323 4335 4338 4373 4377 4396 4409 4429 5176 5226 7227 7231 7296 7299 7307 7355 7358 7371 7385 7387 7415 7419 7423 7424 7443 8091 8221 10138 10143 10145 10178 10181 10186 10199 10212 10237 10240 10266 10269 10272 10282 10285 10302 10306 10310 10325 12110 12112 12118 12129 12153 12171 12186 12196 12225 12228 12243 12252 12279 12280 12283 12905 12955 
	}
}
Indonesia_node={
	location=10279
	inland=yes
	outgoing={
		name="Bornco_node"
		control={
			4577.000000 641.000000 
		}
	}
	members={
		1098 1209 1234 1289 1293 1298 1326 1339 1351 1355 1379 1386 1398 1407 1413 1419 1421 1425 1437 1484 1505 1518 1561 1574 1589 4241 4262 4266 4273 4301 4306 4307 4308 4349 4357 4358 4390 4399 4406 4427 4434 4493 4537 4564 4579 4608 4621 7223 7284 7293 7311 7321 7336 7360 7369 7381 7389 7413 7417 7421 7445 7557 7598 7642 7654 10135 10141 10153 10169 10175 10184 10191 10197 10214 10219 10222 10243 10263 10279 10300 10307 10328 10342 10409 10450 10464 10479 10491 12116 12151 12158 12160 12162 12178 12188 12190 12206 12217 12219 12234 12245 12249 12273 12277 12293 12330 12358 12444 12472 13001 13002 13005 
	}
}
East_China_Sea_node={
	location=7186
	inland=yes
	outgoing={
		name="Korea_node"
		control={
			4764.000000 1178.000000 
		}
	}
	outgoing={
		name="Japan_node"
		control={
			4920.000000 1156.000000 
		}
	}
	members={
		1020 1025 1091 1123 1158 1175 1177 1183 1221 1288 1388 1415 4027 4096 4101 4102 4164 4198 4214 4233 4350 4368 4423 7110 7115 7178 7186 7214 7275 7323 7325 7351 7439 9950 9955 10020 10092 10165 10167 10236 10241 10252 10265 10280 10298 11914 11925 11949 11959 12006 12027 12032 12068 12213 12236 12253 
	}
}
Papua_node={
	location=4329
	inland=yes
	outgoing={
		name="East_Australia_node"
		control={
			5105.000000 389.000000 
		}
	}
	members={
		1222 1242 1283 1286 1301 1310 1329 1358 1361 1389 1546 1602 1617 1629 2129 2165 4226 4289 4304 4317 4329 4332 4346 4352 4378 4393 4418 4421 4468 4509 4524 4552 4593 4635 5135 7251 7269 7305 7324 7333 7339 7349 7352 7362 7365 7378 7409 7412 7487 7512 7529 7542 7570 7585 7614 7627 8235 8250 10147 10166 10206 10231 10234 10248 10251 10260 10369 10396 10423 10436 10505 10954 10974 10990 11004 11018 12107 12123 12135 12154 12193 12222 12237 12240 12315 12371 12386 12400 12428 12457 12484 12931 12995 
	}
}
East_Australia_node={
	location=7859
	inland=yes
	outgoing={
		name="Indonesia_node"
		control={
			5007.000000 327.000000 4951.000000 469.000000 4870.000000 481.000000 4697.000000 451.000000 
		}
	}
	members={
		1472 1501 1511 1514 1537 1540 1557 1570 1611 1644 1652 1667 1759 1773 1861 2114 2116 2130 2146 2155 2157 2163 2166 2183 2186 2187 2189 2205 2219 2221 4453 4478 4481 4500 4502 4505 4517 4520 4530 4546 4560 4630 4632 4645 4648 4658 4673 4763 4776 4791 4836 4864 5134 5161 5170 5181 5187 5198 5206 5211 5225 5227 7450 7471 7496 7506 7520 7522 7525 7533 7535 7538 7564 7566 7567 7579 7592 7610 7649 7651 7664 7666 7755 7798 7811 7859 8186 8206 8220 8230 8234 8249 10336 10338 10350 10365 10378 10388 10427 10430 10445 10455 10458 10460 10475 10487 10500 10553 10581 10622 10637 10665 10682 10925 10936 10941 10955 10977 10991 11006 11019 12308 12354 12367 12377 12382 12406 12411 12424 12435 12451 12532 12560 12576 12645 12910 12918 12924 12932 12934 12949 12957 12968 12993 13425 13429 13455 13456 13479 13484 13492 13495 13504 13527 13531 13536 13539 13555 13561 13569 13585 13590 13602 13614 13625 
	}
}
West_Australia_node={
	location=13454
	inland=yes
	outgoing={
		name="Indonesia_node"
		control={
			4589.000000 216.000000 
		}
	}
	outgoing={
		name="East_Australia_node"
		control={
			4875.000000 193.000000 4929.000000 156.000000 4961.000000 169.000000 5005.000000 99.000000 
		}
	}
	members={
		1217 1410 1422 1431 1454 1478 1498 1526 2133 2139 2177 2191 2201 2223 4415 4441 4462 4487 5125 5138 5175 5183 5197 5207 7453 7457 7481 7608 7623 7669 8130 8134 8152 8155 8165 8200 8209 8228 8237 8243 8247 10276 10288 10316 10473 10518 10927 10937 10949 10950 10958 10969 10971 10979 10983 10997 11011 11013 11016 12104 12246 12290 12311 12323 12326 12339 12499 12904 12906 12912 12915 12926 12936 12948 12962 12976 12990 12992 13451 13452 13453 13454 13458 13463 13470 13473 13475 13477 13478 13488 13491 13493 13499 13507 13510 13511 13517 13520 13523 13537 13538 13540 13541 13542 13543 13549 13552 13556 13557 13558 13560 13567 13575 13577 13579 13581 13583 13584 13587 13594 13597 13599 13604 13605 13606 13608 13612 13613 13615 13617 13622 13626 13629 13631 13632 13638 13639 13641 13643 13646 13651 13664 13667 
	}
}
New_Zelond_node={
	location=1814
	inland=yes
	outgoing={
		name="East_Australia_node"
		control={
			5270.000000 45.000000 
		}
	}
	members={
		1263 1565 1713 1746 1786 1801 1814 2197 2203 2211 4231 4268 4286 4543 4615 4718 4748 4804 4819 5195 7264 7302 7692 7742 7783 7826 7839 7887 8204 8212 8232 8241 10160 10334 10373 10609 10650 10710 12132 12362 12604 12617 12632 12664 12966 12974 12980 12988 14821 14822 14823 14824 14825 14826 14827 14828 14834 14835 14836 14837 14838 14839 
	}
}
Ocenia_node={
	location=14884
	inland=yes
	outgoing={
		name="Papua_node"
		control={
			5229.000000 529.000000 
		}
	}
	outgoing={
		name="East_Australia_node"
		control={
			5356.000000 433.000000 
		}
	}
	outgoing={
		name="Japan_node"
		control={
			5356.000000 740.000000 5311.000000 1035.000000 
		}
	}
	members={
		1042 1085 1269 1280 1370 4252 4292 7390 7437 10319 12265 13025 13027 13080 14830 14831 14832 14840 14842 14843 14844 14845 14846 14847 14848 14849 14850 14851 14852 14853 14854 14855 14856 14858 14859 14860 14861 14862 14863 14864 14866 14867 14868 14869 14870 14871 14872 14873 14875 14876 14883 14884 14885 14886 14887 14888 14889 14890 14891 14892 
	}
}
Korea_node={
	location=7125
	inland=yes
	outgoing={
		name="Beijing_node"
		control={
			4673.000000 1300.000000 
		}
	}
	members={
		848 852 898 906 912 959 978 1003 1054 1081 1100 1148 3803 3852 3860 3904 3912 3981 4004 4052 4056 4086 4103 4107 4126 6822 6922 6928 6944 6963 7021 7070 7121 7125 7155 7171 7175 7204 7221 9790 9795 9899 9918 9936 9981 10011 10036 10065 10083 10085 10110 10115 11770 11775 11828 11835 11878 11896 11912 11915 11948 11958 11977 11992 12011 12040 12060 12085 12089 
	}
}
Japan_node={
	location=1182
	inland=yes
	outgoing={
		name="Korea_node"
		control={
			4856.000000 1255.000000 
		}
	}
	outgoing={
		name="Manchuria_node"
		control={
			4895.000000 1332.000000 
		}
	}
	members={
		855 993 998 1024 1051 1063 1067 1092 1097 1113 1117 1133 1136 1165 1167 1182 1191 1322 1399 1512 1515 1642 1742 1755 1820 3848 3962 4000 4054 4067 4069 4094 4100 4118 4122 4142 4153 4172 4179 4184 4188 4197 4576 4646 6870 6873 6994 7016 7046 7050 7072 7087 7102 7113 7145 7157 7169 7187 7197 7212 7217 7532 7595 9807 9859 9865 9952 9965 9968 9985 9998 10015 10032 10052 10055 10100 10125 10128 10444 10512 11847 11908 11930 11946 11960 11985 11989 11997 12007 12028 12031 12056 12072 12097 12352 12421 12446 12493 13037 
	}
}
Egypt_node={
	location=7011
	inland=yes
	outgoing={
		name="Libya_node"
		control={
			3223.000000 1156.000000 3157.000000 1180.000000 
		}
	}
	outgoing={
		name="Sudan_node"
		control={
			3298.000000 1127.000000 3295.000000 1102.000000 3321.000000 1079.000000 3323.000000 1019.000000 3287.219971 978.270020 3291.000000 956.000000 3335.000000 972.000000 3348.000000 932.000000 
		}
	}
	members={
		992 1028 1064 1068 1071 1080 1112 1143 1151 1155 1206 2064 3996 4055 4068 4073 4076 4143 4145 4161 4910 5069 5078 7011 7030 7073 7079 7091 7117 7144 7148 7156 7164 7188 7216 9947 9957 9989 10002 10005 10028 10031 10061 10073 10097 10099 10126 10127 10844 10869 10907 11910 11922 11964 11967 11974 11979 11999 12002 12004 12033 12044 12049 12071 12073 12091 12099 12733 12764 12771 12889 14219 14220 14243 14255 14264 14279 14286 14292 14293 14312 14316 14336 14338 14355 
	}
}
Libya_node={
	location=11954
	inland=yes
	outgoing={
		name="Western_Mediterranean_node"
		control={
			3083.000000 1181.000000 2998.000000 1213.000000 2966.000000 1247.000000 
		}
	}
	members={
		1041 1057 1060 1062 1127 1140 1186 1198 1994 4047 4057 4060 4063 4117 4120 4133 4151 4191 4200 4962 5004 7063 7076 7082 7136 7139 7194 7206 7985 8069 9977 9992 10046 10049 10104 10117 10120 10123 10754 10785 10884 11951 11954 12022 12025 12079 12082 12088 12094 12866 13073 13078 14215 14225 14228 14229 14231 14242 14245 14248 14249 14250 14252 14259 14262 14268 14271 14276 14278 14283 14285 14288 14289 14290 14295 14298 14304 14307 14308 14310 14311 14315 14317 14318 14319 14332 14337 14341 14345 14349 14353 14356 14358 14366 14367 14368 14369 14374 14376 14381 14386 14394 14404 
	}
}
Western_Mediterranean_node={
	location=11969
	inland=yes
	outgoing={
		name="Spance_node"
		control={
			2881.000000 1328.000000 
		}
	}
	outgoing={
		name="Italy_node"
		control={
			2995.000000 1328.000000 
		}
	}
	members={
		902 989 1009 1013 1037 1046 1058 1105 1118 1126 1128 1141 1145 1149 1156 1160 1174 1189 1967 3838 3857 3987 3991 4014 4018 4046 4051 4061 4116 4129 4131 4146 4150 4159 4163 4176 4194 4970 4992 5053 6891 7005 7008 7033 7040 7059 7065 7066 7077 7081 7114 7116 7132 7147 7149 7154 7162 7166 7180 7209 8077 9772 9793 9845 9851 9863 9943 9960 9964 9976 9980 9983 9994 10026 10037 10045 10059 10067 10074 10078 10082 10091 11755 11773 11804 11824 11874 11921 11923 11935 11939 11940 11953 11957 11969 12000 12003 12009 12018 12020 12034 12039 12047 12051 12760 12888 13074 13077 14401 14402 14415 14427 14428 14447 14708 14865 
	}
}
Maghreb_node={
	location=7100
	inland=yes
	outgoing={
		name="Iberia_node"
		control={
			2665.000000 1259.000000 
		}
	}
	outgoing={
		name="Western_Mediterranean_node"
		control={
			2802.000000 1236.000000 2861.000000 1254.000000 
		}
	}
	members={
		1043 1079 1095 1102 1111 1152 1194 1207 1751 1901 1958 1989 2049 3118 4022 4084 4097 4108 4139 4154 4199 4903 4920 4933 5035 5046 7041 7069 7100 7173 7203 7215 7908 7958 8038 8046 8061 8088 8111 9945 10013 10023 10070 10107 10113 10731 10749 11943 11987 12042 12087 12100 12711 12768 12842 12849 12852 12857 12863 13071 13204 13237 13242 13246 13247 14135 14146 14153 14160 14181 14201 14205 14214 14217 14230 14232 14239 14247 14258 14261 14267 14274 14277 14281 14284 14287 14294 14297 14303 14309 14320 14322 14325 14327 14335 14344 14347 14348 14352 14354 14364 14365 14372 14378 14379 14380 14387 14396 14405 14413 14416 14417 14421 14434 14441 14693 14694 14695 14696 14697 14698 14699 14700 14701 14702 14703 14704 14705 14706 14707 14709 14710 14711 14712 14713 14714 14715 14716 14717 14718 14719 14775 
	}
}
Mauritania_node={
	location=13252
	inland=yes
	outgoing={
		name="Maghreb_node"
		control={
			2598.000000 1077.000000 2666.000000 1131.000000 
		}
	}
	outgoing={
		name="Amazonas_node"
		control={
			2302.000000 974.000000 
		}
	}
	members={
		1115 1130 1204 1521 1897 1962 2065 2068 3017 3704 4136 5012 5034 5077 5081 7943 7979 7990 7992 8035 8058 10245 10725 10771 10774 10779 10788 10806 10814 10838 10868 10875 12233 12740 13240 13251 13252 13253 13255 13257 13259 13261 14016 14032 14051 14064 14072 14078 14079 14084 14090 14102 14114 14120 14133 14143 14144 14152 14154 14157 14169 14196 14197 14203 14209 14212 14213 14216 14227 14237 14238 14240 14251 14269 14270 14291 14306 14720 14721 14741 14742 
	}
}
Ivori_Cost_node={
	location=7959
	inland=yes
	outgoing={
		name="Mauritania_node"
		control={
			2577.000000 843.000000 
		}
	}
	members={
		1909 2038 2094 2100 4948 4957 4989 5013 5039 5070 7959 7972 8006 8008 8015 8065 8122 10762 10803 12710 12747 12802 12834 12858 12891 13014 13262 13263 13267 13268 13269 13273 13275 13276 13277 13278 13279 13280 13281 13283 13284 13285 13286 13287 13288 13289 13290 13291 13292 13293 13294 13295 13296 13297 13298 13299 13300 13301 13302 13303 13304 13305 13306 13307 13308 13309 13310 13848 13849 13858 13864 13871 13872 13874 13896 13903 13920 13929 14026 14679 14733 14734 14735 14737 14738 14739 14878 14879 
	}
}
Ghana_node={
	location=12787
	inland=yes
	outgoing={
		name="Mauritania_node"
		control={
			2779.000000 852.000000 2643.000000 921.000000 
		}
	}
	outgoing={
		name="Ivori_Cost_node"
		control={
			2781.000000 752.000000 2727.570068 756.750000 2689.000000 740.000000 
		}
	}
	members={
		1891 1932 1951 1975 2001 2012 2044 2050 2056 4927 5045 5101 7930 7950 7954 7983 8039 8071 8096 8116 10213 10655 10812 10829 10836 10862 10915 10919 11031 11046 11086 11088 11097 11111 11117 11124 11139 11153 11154 11159 11166 11170 11177 11178 11180 11183 12707 12731 12742 12751 12762 12785 12787 12794 12817 12838 12843 12851 12874 13311 13312 13313 13314 13315 13316 13317 13318 13319 13320 13321 13322 13323 13324 13325 13326 13327 13328 13329 13330 13331 13332 13333 13334 13335 13336 13337 13338 13339 13340 13341 13342 13343 13349 13353 13354 13875 13899 13935 13961 13966 13989 14001 14034 14047 14666 14722 14723 14724 14725 14726 14727 14728 14729 14730 14731 14732 14736 14740 
	}
}
Chad_node={
	location=9152
	inland=yes
	outgoing={
		name="Libya_node"
		control={
			3120.000000 879.000000 3108.000000 987.000000 3092.000000 1059.000000 3124.000000 1127.000000 
		}
	}
	outgoing={
		name="Nigeria_node"
		control={
			3024.000000 829.000000 
		}
	}
	members={
		1473 1883 1956 1960 2081 3123 3181 4897 4902 4913 4978 5060 5084 5136 7919 7939 8028 8128 9152 10758 10780 10805 10893 10917 13919 13951 13955 13964 13965 13978 13985 13992 13997 14007 14010 14012 14018 14019 14020 14021 14027 14028 14036 14039 14041 14042 14048 14049 14052 14055 14056 14058 14061 14062 14065 14066 14067 14075 14076 14080 14085 14094 14095 14096 14099 14103 14104 14106 14109 14111 14112 14116 14126 14127 14130 14136 14139 14140 14141 14145 14150 14155 14158 14162 14168 14170 14179 14180 14195 14202 14204 14210 14222 14223 
	}
}
Nigeria_node={
	location=13359
	inland=yes
	outgoing={
		name="Ghana_node"
		control={
			2883.000000 788.000000 
		}
	}
	outgoing={
		name="Brazil_node"
		control={
			2895.000000 730.000000 2702.000000 673.000000 2351.000000 602.000000 
		}
	}
	members={
		1903 1969 1974 1992 1993 2025 2080 4889 4938 4952 4972 4997 5028 5036 5054 6008 6039 7963 7978 8021 8034 8078 8109 9137 10226 10256 10286 10466 10524 10577 10590 10627 10646 10661 10820 10831 11012 11035 11048 11083 11108 11194 12830 12900 13015 13344 13345 13346 13347 13348 13350 13351 13352 13355 13356 13357 13358 13359 13360 13361 13362 13363 13364 13365 13366 13367 13368 13369 13370 13371 13372 13373 13374 13375 13376 13380 13381 13382 13383 13384 13385 13386 13387 13388 13389 13390 13391 13392 13393 13394 13395 13396 13397 13398 13399 13400 13401 13402 13404 13405 13406 13798 13821 13834 13836 13845 13853 13878 13879 13897 13904 13944 13959 13963 13973 13986 13994 14006 14014 14662 14877 
	}
}
Gabon_node={
	location=5139
	inland=yes
	outgoing={
		name="Nigeria_node"
		control={
			2967.000000 741.000000 
		}
	}
	members={
		988 2115 2192 3109 4128 5117 5139 7219 7931 8193 8207 8219 8244 8248 9177 9195 9201 9203 9214 9253 9257 9258 9260 9424 9442 9487 9488 9513 9516 10025 10071 10883 10948 10968 12741 12775 12824 12896 12925 12945 12975 12981 13377 13378 13379 13705 13710 13730 13734 13737 13739 13741 13744 13749 13753 13755 13758 13764 13782 13832 14017 14037 14050 14053 14098 14105 14107 14429 14430 14431 14432 14433 14435 14436 14437 14438 14439 14442 14443 14444 14445 14446 14448 14449 14450 14451 14452 14453 14454 14455 14456 14457 14458 14459 14460 14461 14462 14466 14467 14468 14656 
	}
}
Sudan_node={
	location=12806
	inland=yes
	outgoing={
		name="Hejaz_node"
		control={
			3452.000000 953.000000 3519.000000 1003.000000 
		}
	}
	outgoing={
		name="Chad_node"
		control={
			3199.000000 867.000000 
		}
	}
	outgoing={
		name="Ethiopia_node"
		control={
			3344.000000 829.000000 
		}
	}
	outgoing={
		name="Congo_node"
		control={
			3256.000000 728.000000 
		}
	}
	members={
		1914 1953 1977 2003 2016 2046 2088 2096 4033 4138 4918 4961 4963 7925 7987 7989 7996 8052 8084 8103 8105 10739 10743 10745 10764 10784 10795 10827 10851 10857 10859 10877 10900 10902 10908 12725 12744 12796 12800 12806 12826 12836 12862 12881 12887 13819 13837 13838 13842 13854 13876 13905 13910 13921 13940 13948 13950 13974 13979 13981 14003 14008 14013 14030 14040 14044 14046 14063 14073 14081 14091 14101 14113 14117 14122 14123 14156 14163 14164 14171 14182 14184 14191 14192 14200 14351 
	}
}
Ethiopia_node={
	location=5010
	inland=yes
	outgoing={
		name="Bambaii_node"
		control={
			3532.000000 742.000000 3794.000000 816.000000 
		}
	}
	outgoing={
		name="Tanzania_node"
		control={
			3394.000000 665.000000 
		}
	}
	members={
		1939 2009 2020 2040 2063 2066 2188 4954 4995 5010 5065 5079 5160 5196 5210 6020 7912 8019 8036 8062 8133 8164 10142 10185 10189 10196 10200 10734 10761 10775 10860 10928 10962 10976 11014 11145 12714 12812 12856 12927 12941 12991 13767 13776 13790 13791 13799 13814 13816 13843 13847 13859 13861 13870 13881 13892 13922 13931 13942 14175 14177 14178 14183 14185 14186 14187 14188 14193 14207 14211 14241 14244 14254 14272 14280 14282 14296 14299 14300 14301 14302 14305 14313 14314 14321 14323 14324 14326 14328 14329 14330 14331 14333 14334 14339 14340 14346 14350 14357 14359 14360 14361 14880 
	}
}
Congo_node={
	location=9641
	inland=yes
	outgoing={
		name="Chad_node"
		control={
			3155.000000 768.000000 
		}
	}
	outgoing={
		name="Gabon_node"
		control={
			3076.520020 618.940002 
		}
	}
	members={
		1181 1516 1731 1929 1950 2024 2034 2073 2154 2220 3165 3854 4171 4941 6027 7088 7133 7161 7716 8016 8048 8144 8223 9213 9215 9222 9235 9244 9245 9373 9378 9381 9384 9385 9399 9401 9402 9408 9411 9415 9420 9448 9462 9469 9473 9526 9528 9529 9530 9540 9542 9552 9553 9565 9589 9594 9604 9639 9641 9705 9733 9735 9739 9742 9926 9962 9986 10133 10170 10766 10858 10932 10951 11017 11934 12719 12783 12808 12847 12907 12929 12989 13703 13706 13725 13726 13728 13742 13750 13765 13795 13797 13802 13818 13822 13840 13841 13865 13869 13880 13884 14068 14069 14086 14115 14121 14124 14128 14131 14132 14134 14138 14147 14151 14165 14172 14173 14206 14611 14617 14618 14619 14620 14621 
	}
}
Namibia_node={
	location=4879
	inland=yes
	outgoing={
		name="Gabon_node"
		control={
			3014.000000 360.000000 3032.000000 484.000000 
		}
	}
	outgoing={
		name="South_Africa_node"
		control={
			3083.000000 156.000000 
		}
	}
	outgoing={
		name="Uruguay_node"
		control={
			2883.000000 282.000000 
		}
	}
	members={
		1552 1580 2126 2207 2229 4735 4879 5154 5158 5189 5203 7548 7605 7770 8054 8136 8138 8202 8214 10525 10538 10957 10963 10966 10978 12391 12519 12921 12940 12958 12963 12985 13446 13457 13465 13469 13480 13483 13486 13490 13494 13496 13498 13501 13502 13505 13508 13516 13519 13522 13525 13526 13528 13532 13534 13544 13547 13550 13554 13562 13563 13564 13570 13572 13573 13574 13578 13580 13586 13591 13595 13600 13607 13609 13616 13620 13623 13635 13636 13642 13644 13652 13654 13655 13661 13663 13665 13672 13674 13675 13680 13681 13687 13688 13693 13697 14463 14464 14465 14470 14471 14472 14473 14474 14475 14476 14477 14478 14479 14480 14481 14482 14483 14484 14485 14486 14487 14488 14489 14490 14637 14639 
	}
}
South_Africa_node={
	location=12589
	inland=yes
	outgoing={
		name="West_Australia_node"
		control={
			3588.000000 87.000000 
		}
	}
	outgoing={
		name="South_Cone_node"
		control={
			2451.000000 92.000000 
		}
	}
	members={
		1468 1494 1509 1688 1833 2171 2193 2213 4528 4556 4584 4696 4822 5106 5177 5212 5217 5231 7576 7900 8178 8245 10400 10415 10442 10566 10668 10697 12064 12419 12547 12589 12648 12692 12935 13407 13409 13410 13412 13413 13414 13416 13417 13418 13419 13420 13423 13424 13426 13428 13430 13431 13432 13433 13434 13436 13438 13439 13440 13441 13442 13443 13444 13447 13448 13449 13450 13460 13464 13466 13467 13468 13472 13476 13481 13482 13487 13497 13503 13509 13512 13513 13529 13530 13535 13545 13548 13565 13576 13588 14491 14492 14493 14494 14495 14496 14497 14498 14499 14500 14501 14502 14503 14504 14505 14506 14507 14508 14509 14510 14511 14512 14513 14514 14515 14516 14517 14518 14519 14520 14521 14522 14523 14524 14525 14526 14527 14528 14529 14530 14531 14532 14533 14534 14535 14536 14538 14539 14540 14541 14542 14543 14544 14545 14554 14591 
	}
}
Tanzania_node={
	location=2196
	inland=yes
	outgoing={
		name="South_Africa_node"
		control={
			3414.000000 435.000000 3343.000000 342.000000 3319.000000 252.000000 3227.000000 144.000000 
		}
	}
	outgoing={
		name="Zambia_node"
		control={
			3340.000000 509.000000 3278.000000 435.000000 
		}
	}
	members={
		2120 2123 2159 2176 2180 2196 2200 2202 2206 2217 5128 5164 5180 5185 5222 5224 8180 8182 8183 8188 8201 8205 8246 10845 10972 10988 10993 11015 12908 12911 12944 12956 12967 12971 12986 13017 13018 13072 13506 13514 13524 13533 13546 13559 13566 13568 13582 13589 13593 13601 13603 13610 13618 13621 13628 13630 13634 13637 13647 13650 13657 13662 13668 13669 13671 13676 13689 13690 13698 13699 13715 13721 13732 14469 14557 14558 14559 14560 14561 14562 14563 14564 14565 14566 14567 14568 14569 14570 14571 14572 14573 14574 14575 14576 14577 14578 14579 14580 14581 14582 14583 14584 14585 14586 14587 14588 14589 14590 14592 14593 14594 14595 14596 14597 14598 14599 14600 14604 14605 14610 14612 14613 14614 14615 14616 14622 14623 14624 14625 14626 14627 14881 14882 
	}
}
Italy_node={
	location=9904
	inland=yes
	outgoing={
		name="Alp_Trade_node"
		control={
			2965.000000 1410.000000 
		}
	}
	members={
		656 782 819 851 883 910 923 925 955 963 967 1616 3604 3657 3885 3901 3910 3923 3958 3966 3968 6606 6656 6793 6831 6843 6862 6875 6926 6939 6946 6972 6979 6980 6985 9582 9613 9750 9784 9794 9826 9838 9856 9879 9904 9907 9924 9990 10027 11584 11734 11751 11790 11803 11833 11837 11846 11861 11882 11889 11998 12066 12098 628 
	}
}
Central_America_node={
	location=11750
	inland=yes
	outgoing={
		name="Ocenia_node"
		control={
			1033.000000 876.000000 
		}
	}
	outgoing={
		name="North_Mexican_Gulf_node"
		control={
			1420.000000 1085.000000 1330.000000 1136.000000 1282.000000 1138.000000 
		}
	}
	outgoing={
		name="Virginia_node"
		control={
			1447.000000 1107.000000 1324.000000 1283.000000 
		}
	}
	members={
		1633 1988 2031 2075 2077 4611 4624 4866 4868 4904 4965 4991 6262 6409 7617 7630 8017 10557 10728 10886 11189 11196 11205 11213 11214 11223 11225 11234 11244 11330 11379 11394 11416 11418 11423 11429 11433 11455 11460 11472 11474 11476 11512 11527 11538 11540 11551 11555 11566 11575 11591 11629 11643 11681 11750 11765 11904 12106 12175 12187 12192 12203 12216 12242 12270 12287 12304 12477 12540 12569 12584 12587 12610 12678 12715 12738 12823 12865 12878 13057 13085 13087 13092 13093 
	}
}
Caribbean_node={
	location=10699
	inland=yes
	outgoing={
		name="Maghreb_node"
		control={
			2017.000000 1155.000000 
		}
	}
	outgoing={
		name="Central_America_node"
		control={
			1551.000000 1105.000000 
		}
	}
	outgoing={
		name="Virginia_node"
		control={
			1463.000000 1273.000000 
		}
	}
	outgoing={
		name="Carolina_node"
		control={
			1636.000000 1322.000000 
		}
	}
	members={
		177 379 1440 1513 1550 1594 1635 3284 4155 4450 4476 4598 4600 4641 4647 7123 7245 7451 7546 7590 7622 7632 7660 9377 10254 10374 10440 10484 10498 10570 10589 10596 10600 10617 10620 10628 10639 10659 10664 10686 10696 10699 10701 10712 11106 11350 12347 13009 13010 13012 13084 
	}
}
Zambia_node={
	location=13656
	inland=yes
	outgoing={
		name="Congo_node"
		control={
			3213.000000 505.000000 
		}
	}
	outgoing={
		name="Namibia_node"
		control={
			3131.000000 342.000000 
		}
	}
	members={
		191 697 1817 1846 1874 1968 2151 2216 4515 4851 5155 5199 5221 7842 7872 9254 9707 10594 10929 10930 12504 12677 12795 12950 13571 13592 13598 13611 13619 13624 13633 13640 13645 13648 13656 13658 13660 13677 13678 13682 13685 13686 13694 13695 13701 14537 14546 14547 14548 14549 14550 14551 14552 14553 14555 14556 14601 14602 14603 14606 14607 14608 14609 14628 14629 14630 14631 14632 14633 14634 14635 14636 14638 14640 
	}
}
Ireland_node={
	location=11293
	inland=yes
	outgoing={
		name="New_England_node"
		control={
			1818.000000 1585.000000 
		}
	}
	members={
		131 159 200 276 284 285 303 337 369 385 3150 3159 3178 3242 3273 3311 3329 3342 3359 3373 3379 3396 6046 6062 6104 6205 6289 6300 6313 6320 6350 6385 6395 6405 7377 7394 9075 9090 9161 9237 9255 9284 9303 9310 9314 9321 9350 9369 9383 9392 9405 11055 11064 11136 11161 11207 11218 11237 11238 11257 11266 11267 11287 11293 11299 11303 11306 11334 11371 11378 13003 
	}
}
English_node={
	location=6103
	inland=yes
	outgoing={
		name="North_Iberia_node"
		control={
			2719.000000 1486.000000 
		}
	}
	outgoing={
		name="Ireland_node"
		control={
			2768.000000 1585.000000 
		}
	}
	outgoing={
		name="Washington_DC_node"
		control={
			2286.000000 1528.000000 
		}
	}
	members={
		219 221 253 271 296 311 322 351 364 377 407 507 540 3205 3241 3274 3287 3301 3353 3369 3422 3463 3501 6103 6221 6237 6268 6270 6301 6318 6335 6351 6363 6378 6384 6399 6489 6526 7239 9239 9250 9268 9269 9285 9297 9315 9322 9332 9364 9379 9397 9458 9484 9562 11221 11253 11270 11279 11297 11317 11332 11333 11345 11361 11374 11382 11406 11446 11471 13070 
	}
}
Russia_node={
	location=2
	inland=yes
	outgoing={
		name="Volga_Don_node"
		control={
			3445.000000 1631.000000 
		}
	}
	members={
		2 8 12 57 60 62 81 97 110 121 127 138 166 180 183 187 194 196 270 280 301 312 350 368 2996 3056 3075 3080 3085 3086 3091 3092 3099 3124 3130 3143 3160 3164 3168 3175 3176 3190 3215 3220 3235 3268 3290 3308 3323 3327 3338 3347 6017 6022 6051 6075 6086 6091 6102 6105 6106 6109 6122 6166 6167 6169 6180 6182 6189 6215 6245 6247 6264 6290 6303 6333 6348 6356 6358 6400 9041 9046 9060 9082 9101 9102 9111 9113 9130 9136 9153 9159 9168 9184 9187 9188 9190 9200 9202 9207 9242 9248 9265 9272 9278 9280 9333 9343 9358 9366 9382 9395 11027 11036 11038 11039 11062 11071 11074 11075 11084 11089 11093 11095 11099 11103 11131 11134 11137 11143 11165 11168 11171 11191 11217 11224 11235 11236 11252 11254 11282 11295 11300 11315 11340 11347 11362 11384 
	}
}
Volga_Don_node={
	location=6328
	inland=yes
	outgoing={
		name="Astrakhan_node"
		control={
			3495.000000 1494.000000 
		}
	}
	members={
		208 212 269 275 286 313 345 356 380 384 396 413 433 437 484 487 509 518 533 544 579 3199 3221 3224 3246 3275 3292 3302 3315 3317 3318 3335 3339 3343 3352 3371 3387 3389 3426 3431 3469 3518 3527 3539 3540 6226 6252 6253 6291 6294 6295 6299 6315 6328 6337 6338 6341 6343 6353 6355 6357 6391 6428 6454 6528 6544 6553 6566 6587 6591 9259 9273 9286 9298 9307 9312 9324 9325 9328 9330 9338 9339 9354 9360 9367 9368 9380 9394 9422 9460 9464 9579 11242 11243 11258 11277 11283 11308 11314 11363 11368 11393 11396 11408 11412 11449 11450 11459 11485 11501 
	}
}
East_Europa_node={
	location=12130
	inland=yes
	outgoing={
		name="Russia_node"
		control={
			3581.000000 1670.000000 
		}
	}
	outgoing={
		name="Volga_Don_node"
		control={
			3583.000000 1618.000000 
		}
	}
	outgoing={
		name="North_Kazakh_node"
		control={
			3880.000000 1659.000000 
		}
	}
	members={
		31 73 88 112 123 206 237 260 291 298 305 339 359 361 365 370 393 497 1210 1233 1305 1327 1334 1365 1378 1380 1387 1771 1808 1812 3103 3127 3146 3214 3251 3264 3265 3294 3300 3361 3363 3365 3394 3472 3486 4209 4242 4265 4311 4324 4354 4383 4710 4754 4802 4846 4874 6025 6171 6246 6288 6307 6323 6352 6368 6383 6515 7285 7300 7320 7328 7343 7359 7375 7403 7681 7774 7824 7846 9065 9243 9271 9283 9293 9299 9349 9390 10136 10216 10299 10314 10329 10604 10648 10670 10716 10720 11087 11133 11149 11158 11195 11228 11263 11273 11307 11348 11352 11365 11387 11389 11496 12102 12117 12128 12130 12157 12172 12200 12244 12390 12527 12567 12696 12700 
	}
}
North_Sibria_node={
	location=3147
	inland=yes
	outgoing={
		name="Russia_node"
		control={
			3546.000000 1754.000000 
		}
	}
	members={
		87 96 99 105 108 119 186 198 1295 1307 1664 1684 1744 1745 1757 2923 2972 3000 3041 3081 3102 3112 3147 3155 3169 3184 3336 3415 4298 4669 4692 4715 4733 4774 4812 4817 4859 6040 6085 6100 6110 6121 6177 6192 6193 7318 7330 7712 7738 7768 7796 7867 7895 7898 8461 9099 9114 9121 9124 9133 9142 9145 9205 9225 9230 9232 10536 10561 10564 10579 10592 10607 10635 10677 10723 11025 11042 11047 11051 11061 11098 11110 11179 11182 11203 11261 12393 12502 12530 12545 12558 12615 13064 13065 13076 
	}
}
North_Kazakh_node={
	location=1674
	inland=yes
	outgoing={
		name="Kazakhestan_node"
		control={
			4024.000000 1534.000000 
		}
	}
	outgoing={
		name="North_Sibria_node"
		control={
			3896.000000 1830.000000 
		}
	}
	members={
		1369 1674 1679 1685 1718 1768 1777 1779 1780 1794 1816 1828 1876 4681 4687 4700 4730 4771 4782 4785 4818 4827 4831 4840 4842 4853 7274 7707 7722 7744 7805 7815 7825 7849 7863 7876 7882 7886 10529 10544 10555 10576 10580 10613 10626 10649 10652 10663 10673 10692 10705 12515 12536 12563 12580 12595 12606 12621 12655 12666 12691 
	}
}
East_Sibria_node={
	location=1772
	inland=yes
	outgoing={
		name="Japan_node"
		control={
			4971.000000 1500.000000 4981.000000 1316.000000 
		}
	}
	outgoing={
		name="Mongolia_node"
		control={
			4640.000000 1577.000000 
		}
	}
	outgoing={
		name="Manchuria_node"
		control={
			4853.000000 1550.000000 
		}
	}
	outgoing={
		name="North_Mongolia_node"
		control={
			4639.000000 1644.000000 
		}
	}
	members={
		1135 1714 1724 1730 1739 1772 1802 1805 1819 1823 1830 1839 1845 1863 1865 1878 4006 4229 4246 4290 4455 4701 4725 4728 4744 4779 4810 4832 4844 4847 4878 4881 5264 6052 7616 7691 7746 7748 7785 7801 7851 7855 7871 7878 9376 9659 10540 10571 10572 10598 10608 10641 10667 10678 10694 10722 11607 12207 12261 12263 12518 12522 12543 12549 12551 12559 12591 12592 12623 12650 12654 12657 12660 12661 12683 12694 13061 13062 13063 13090 
	}
}
Mongolia_node={
	location=4801
	inland=yes
	outgoing={
		name="Manchuria_node"
		control={
			4597.000000 1490.000000 4761.000000 1487.000000 
		}
	}
	members={
		1502 1551 1608 1672 1676 1689 1696 1702 1723 1725 1728 1743 1762 1774 1776 1781 1787 1791 1796 1798 1811 1834 1853 1855 1859 1868 1871 1877 4222 4555 4655 4677 4680 4690 4697 4705 4711 4716 4719 4729 4732 4745 4751 4766 4777 4781 4786 4792 4800 4801 4809 4823 4837 4849 4852 4856 4858 4862 4873 4876 4882 7578 7648 7676 7693 7697 7703 7713 7717 7725 7731 7743 7749 7752 7773 7786 7799 7806 7808 7812 7816 7819 7822 7823 7835 7843 7848 7860 7864 7870 7873 7881 7885 7894 10372 10528 10539 10541 10543 10554 10558 10559 10560 10562 10563 10567 10574 10575 10578 10597 10612 10623 10632 10634 10638 10647 10658 10669 10675 10683 10689 10695 10704 10708 12448 12507 12509 12520 12533 12537 12539 12541 12544 12554 12556 12557 12579 12605 12612 12614 12622 12625 12628 12629 12641 12644 12649 12665 12669 12675 12686 12690 12695 13150 
	}
}
Manchuria_node={
	location=10519
	inland=yes
	outgoing={
		name="Korea_node"
		control={
			4811.000000 1355.000000 4785.000000 1310.000000 
		}
	}
	outgoing={
		name="Beijing_node"
		control={
			4723.000000 1381.000000 
		}
	}
	members={
		664 681 753 783 800 810 837 846 861 887 916 927 930 944 945 946 957 973 1267 1499 1504 1545 1558 1567 1571 1588 1627 1638 1645 1693 1732 1847 3753 3787 3791 3815 3843 3849 3888 3913 3929 3932 3944 3947 3949 3963 3977 4404 4503 4506 4551 4561 4572 4592 4633 4642 4649 4841 5427 6715 6804 6806 6811 6860 6863 6868 6893 6905 6910 6947 6964 6989 7249 7523 7526 7569 7582 7591 7613 7652 7663 7670 7767 7832 7868 7897 9623 9749 9759 9762 9766 9782 9798 9803 9831 9841 9848 9866 9883 9885 9895 9897 9913 9928 10215 10368 10376 10379 10433 10463 10503 10519 10521 10698 11626 11719 11744 11745 11771 11777 11781 11808 11823 11836 11850 11862 11864 11879 11893 11903 11906 12136 12189 12337 12342 12355 12412 12443 12469 12482 12485 12500 12548 12618 
	}
}
Beijing_node={
	location=9843
	inland=yes
	members={
		517 814 828 836 881 892 900 934 952 964 972 987 1027 1029 1034 1052 1069 1076 1084 1104 1124 1134 1137 1139 1150 1154 1169 1180 1184 1188 1200 1203 1438 1458 1489 1508 1519 1531 1590 1959 1985 2087 3427 3742 3745 3783 3814 3828 3830 3839 3877 3881 3895 3900 3934 3955 3970 3978 4010 4032 4037 4058 4071 4074 4082 4089 4093 4114 4137 4140 4144 4157 4174 4181 4186 4190 4205 4208 4469 4495 4514 4525 4538 4606 4612 4634 4939 4960 4986 5025 6828 6837 6851 6852 6898 6904 6918 6937 6951 6969 6981 6988 7000 7025 7048 7055 7074 7085 7089 7092 7105 7109 7129 7158 7160 7189 7200 7314 7545 7571 7575 7631 7633 7656 7659 7674 8055 8081 8127 9768 9776 9781 9788 9835 9843 9854 9873 9905 9927 9956 9958 9969 9971 9987 10000 10003 10018 10022 10043 10053 10068 10072 10102 10119 10331 10363 10367 10397 10421 10424 10426 10429 10451 10480 10499 10507 10629 10724 10854 10880 11752 11761 11764 11801 11815 11822 11855 11886 11933 11944 11962 11980 11996 12015 12026 12043 12045 12055 12062 12069 12074 12078 12093 12300 12331 12344 12348 12356 12403 12432 12478 12609 12706 12880 
	}
	end=yes
}
Kashgar_node={
	location=7790
	inland=yes
	outgoing={
		name="Mongolia_node"
		control={
			4192.000000 1364.000000 4356.000000 1436.000000 
		}
	}
	outgoing={
		name="Beijing_node"
		control={
			4285.000000 1324.000000 4502.000000 1315.000000 
		}
	}
	members={
		1698 1703 1708 1766 1778 1783 1838 1844 1943 1970 2015 2028 2074 2099 4682 4704 4709 4714 4770 4783 4788 4821 4828 4843 4947 4973 5016 5031 5076 5087 5100 5736 7701 7702 7726 7727 7732 7733 7737 7790 7792 7803 7850 7866 7949 7971 7997 8042 8086 8102 8112 10315 10545 10614 10674 10691 10770 10796 10834 10839 10865 10885 10899 10911 12119 12524 12526 12590 12596 12598 12601 12656 12671 12737 12750 12776 12820 12864 12890 
	}
}
Tibet_node={
	location=5033
	inland=yes
	outgoing={
		name="Bangal_node"
		control={
			4189.000000 1091.000000 
		}
	}
	outgoing={
		name="Beijing_node"
		control={
			4455.000000 1254.000000 
		}
	}
	outgoing={
		name="Xian_node"
		control={
			4344.000000 1134.000000 
		}
	}
	members={
		1630 1729 1882 1991 2010 2014 2022 2053 2093 2098 4313 4403 4536 4743 4888 4900 4914 4964 4994 5011 5018 5033 5057 5080 5094 6362 6758 6787 7270 7511 7655 7772 7778 7789 7793 7809 7926 7940 7988 8018 8029 8037 8041 8059 8068 8104 8121 10490 10741 10750 10755 10787 10817 10856 10903 10918 11286 11328 11448 11668 12327 12732 12784 12797 12801 12807 12815 12846 12899 
	}
}
Xian_node={
	location=7965
	inland=yes
	outgoing={
		name="Yangtze_node"
		control={
			4499.000000 1145.000000 
		}
	}
	outgoing={
		name="South_China_node"
		control={
			4463.000000 1044.000000 
		}
	}
	members={
		531 556 1010 1114 1257 1319 1367 1383 1395 1474 1522 1647 1893 1918 1933 1999 2006 2030 2045 2067 2091 4041 4141 4192 4295 4325 4375 4407 4431 4501 4504 4559 4896 4925 4937 4999 5009 5030 5048 5072 5102 5193 6638 6999 7101 7201 7240 7256 7279 7294 7397 7434 7446 7665 7911 7965 7976 8023 8026 8095 8126 9939 9966 10006 10132 10304 10346 10413 10517 10616 10726 10733 10757 10763 10776 10819 10822 10841 10863 11865 11972 12086 12141 12262 12274 12414 12705 12724 12767 12789 12819 12837 12841 12882 12898 
	}
}
Yangtze_node={
	location=10095
	inland=yes
	outgoing={
		name="Beijing_node"
		control={
			4640.000000 1260.000000 
		}
	}
	members={
		1001 1004 1083 1089 1121 1146 1161 1575 1603 1612 1976 4001 4005 4009 4031 4066 4079 4091 4123 4130 4148 4158 4167 4203 4256 4519 4547 5007 5092 6932 7019 7035 7094 7126 7142 7167 7181 7208 7222 7301 7406 7418 7459 7508 7540 7568 7580 7596 7609 7625 7637 7948 8049 8072 9934 9937 9953 9959 9995 10008 10017 10040 10064 10079 10095 10098 10144 10257 10364 10434 10446 10462 10474 11916 11928 11931 11973 11994 12012 12036 12061 12067 12156 12408 12426 12467 12713 
	}
}
East_China_node={
	location=10062
	inland=yes
	outgoing={
		name="East_China_Sea_node"
		control={
			4628.000000 1047.000000 
		}
	}
	outgoing={
		name="Yangtze_node"
		control={
			4638.000000 1098.000000 4680.000000 1136.000000 
		}
	}
	members={
		996 1006 1036 1047 1053 1055 1066 1078 1094 1096 1099 1110 1120 1125 1138 1153 1162 1166 1168 1171 1193 1195 1202 1628 1640 3992 4013 4038 4042 4050 4053 4070 4081 4083 4099 4105 4113 4156 4165 4169 4173 4183 4185 4189 4196 4207 4619 4631 7004 7007 7014 7027 7054 7058 7067 7071 7086 7099 7104 7108 7120 7131 7141 7146 7172 7174 7182 7191 7199 7653 9938 9942 9944 9970 9972 9974 9978 9984 9999 10010 10012 10014 10034 10042 10044 10054 10057 10058 10062 10069 10076 10084 10086 10093 10101 10112 10114 10501 11913 11920 11937 11945 11947 11961 11982 11986 11988 11991 12019 12030 12052 12057 12059 12076 12084 12095 12495 
	}
}
South_China_node={
	location=11981
	inland=yes
	outgoing={
		name="East_China_node"
		control={
			4550.000000 1021.000000 
		}
	}
	members={
		994 1018 1023 1038 1070 1087 1131 1172 1187 1196 1448 1469 1597 1625 1653 1884 4023 4028 4077 4085 4092 4121 4125 4134 4152 4160 4177 4480 4532 4628 4656 7039 7044 7095 7097 7128 7135 7137 7152 7159 7168 7192 7210 7502 7521 7549 7577 7606 7650 9963 9982 9997 10004 10039 10050 10080 10105 10121 10335 10377 10404 10431 10459 11918 11926 11938 11941 11963 11981 11983 11990 12014 12017 12023 12053 12077 12282 12310 12350 12378 12407 12436 12483 13143 
	}
}
Brazil_node={
	location=12923
	inland=yes
	outgoing={
		name="North_Brazil_node"
		control={
			2078.000000 722.000000 
		}
	}
	members={
		1446 1524 2132 2153 2164 2167 2175 2178 2185 2190 2218 2227 2228 4570 4617 5107 5112 5153 5168 5172 5174 5182 5194 5204 5208 5218 5223 7476 7561 7589 8129 8140 8143 8148 8177 8179 8184 8190 8196 8197 8210 8226 8227 8233 8242 10345 10360 10392 10419 10432 10513 10926 10931 10933 10939 10946 10967 10980 10984 10989 10998 10999 11002 12334 12422 12438 12479 12903 12909 12923 12938 12961 12977 12996 13722 13733 13751 13757 13762 13763 13770 13778 13781 13787 13812 13826 13828 13831 13857 13891 13901 13917 
	}
}
North_Brazil_node={
	location=12853
	inland=yes
	outgoing={
		name="Amazonas_node"
		control={
			1986.000000 833.000000 
		}
	}
	members={
		2035 2150 2168 2204 2214 5148 5151 5220 8172 10874 10956 12853 12913 12933 12947 12959 12987 12999 13729 13738 13756 13761 13766 13769 13773 13775 13783 13785 13792 13794 13801 13806 13807 13809 13815 13817 13820 13824 13827 13830 13846 13855 13856 13868 13873 13883 13890 13894 13898 13914 13915 13916 13918 13926 13930 13933 13937 13943 13947 13949 13970 
	}
}
Uruguay_node={
	location=10362
	inland=yes
	outgoing={
		name="Brazil_node"
		control={
			2054.000000 498.000000 
		}
	}
	outgoing={
		name="Argentina_node"
		control={
			1896.000000 387.000000 
		}
	}
	outgoing={
		name="Bolivia_node"
		control={
			1940.000000 392.000000 1929.000000 524.000000 1883.000000 579.000000 
		}
	}
	members={
		1449 1529 1542 1583 1585 1598 1613 1626 1641 1654 2109 2111 2152 2173 2181 2194 2209 4436 4457 4533 4548 4575 4587 4589 4604 5110 5115 5156 5165 5167 5178 5186 5200 7553 7581 7594 7636 7638 8181 8187 8189 8224 8238 8239 10291 10347 10362 10405 10447 10502 10515 10943 10945 10947 10959 10973 10994 11003 11007 11008 11023 12336 12396 12440 12453 12466 12468 12481 12496 12512 12689 12901 12902 12937 12951 12964 12972 13016 13046 13206 13208 13209 13211 13670 13684 13691 13692 13696 13702 13704 13707 13711 13712 13714 13717 13718 13719 13720 13724 13727 13736 13743 14677 14678 14680 14681 14682 14683 14684 14685 14686 14687 14688 14689 14690 14691 14692 14784 
	}
}
South_Cone_node={
	location=12364
	inland=yes
	outgoing={
		name="New_Zelond_node"
		control={
			1497.000000 204.000000 
		}
	}
	outgoing={
		name="Uruguay_node"
		control={
			1881.000000 319.000000 1898.000000 333.000000 1911.000000 313.000000 
		}
	}
	outgoing={
		name="Argentina_node"
		control={
			1806.000000 329.000000 
		}
	}
	members={
		650 1555 1568 1596 1624 1639 2149 2161 2169 2199 2215 4573 4602 4643 5118 5121 5152 5159 5169 5173 5184 5191 5201 5209 5215 5219 7500 7550 7621 8161 8176 8192 8198 8208 8215 8218 8222 8229 8251 10375 10390 10402 10418 10935 10953 10961 10981 10985 10992 10995 11005 11009 11021 12306 12321 12349 12351 12364 12379 12394 12409 12494 12920 12946 12952 12954 12960 12970 12982 12984 12998 13218 13219 13408 13411 13415 13421 13422 13427 13435 13437 13445 13459 13461 13462 13471 13474 13485 13489 13500 13515 13518 13521 13551 13553 13596 
	}
}
Argentina_node={
	location=5143
	inland=yes
	outgoing={
		name="Ocenia_node"
		control={
			1121.000000 438.000000 
		}
	}
	outgoing={
		name="Bolivia_node"
		control={
			1760.000000 514.000000 
		}
	}
	members={
		2106 2136 2158 2160 2172 2174 2179 2195 2208 2224 5131 5143 5146 5163 5171 5179 5192 5213 5228 5229 8169 8194 8195 8203 8216 8217 8231 8253 8255 10944 10952 10964 10965 10975 10986 10987 11000 11001 11022 12914 12916 12922 12928 12930 12942 12943 12978 12979 12994 13000 13627 13649 13653 13659 13666 13673 13679 13683 13700 13708 13709 13713 13716 
	}
}
Bolivia_node={
	location=5230
	inland=yes
	outgoing={
		name="North_Brazil_node"
		control={
			1989.000000 733.000000 
		}
	}
	outgoing={
		name="Lima_node"
		control={
			1664.000000 634.000000 
		}
	}
	outgoing={
		name="Amazonas_node"
		control={
			1810.000000 767.000000 
		}
	}
	members={
		2142 2147 2182 2210 2225 5166 5188 5202 5216 5230 8157 8160 8175 8191 8211 8225 8240 10924 10938 10940 10960 10982 10996 11010 12917 12939 12953 12973 13086 13195 13723 13731 13735 13740 13745 13746 13747 13748 13752 13754 13759 13760 13768 13771 13772 13774 13777 13779 13780 13784 13786 13788 13789 13793 13796 13800 13804 13805 13808 13810 13811 13813 13823 13825 13835 13839 13851 13860 
	}
}
Lima_node={
	location=12997
	inland=yes
	outgoing={
		name="Central_America_node"
		control={
			1384.000000 832.000000 1454.000000 949.000000 
		}
	}
	outgoing={
		name="Colombia_node"
		control={
			1592.000000 778.000000 1602.000000 888.000000 1665.000000 977.000000 
		}
	}
	members={
		2007 2079 2156 2162 2198 2212 2226 5023 5051 5120 5162 5190 7936 7991 8047 8075 8149 8199 8213 8252 10790 10846 10888 10942 10970 11020 12770 12798 12825 12869 12969 12983 12997 13225 13234 13241 13243 13803 13829 13833 13850 13862 13863 13877 13886 13887 13888 13893 13906 13907 13923 13925 13936 13941 13945 13953 13960 13962 13983 13984 13987 14000 14004 14022 14033 14092 14093 14773 14774 14785 14833 14841 14857 14874 
	}
}
Colombia_node={
	location=8113
	inland=yes
	outgoing={
		name="Central_America_node"
		control={
			1601.000000 990.000000 1579.000000 1015.000000 1557.000000 1015.000000 1540.000000 1001.000000 1496.000000 1027.000000 
		}
	}
	outgoing={
		name="Caribbean_node"
		control={
			1729.000000 1115.000000 
		}
	}
	members={
		153 397 1887 1937 1944 1997 2023 2052 2085 4526 4892 4942 4969 5000 5026 5056 5083 5088 7968 7993 8024 8056 8080 8113 10494 10747 10767 10792 10823 10855 10864 10912 11323 11436 12703 12729 12772 12790 12845 12872 13223 13226 13228 13229 13231 13232 13233 13236 13238 13239 13244 13245 13249 13254 13258 13264 13265 13266 13272 13274 13969 13996 13998 14011 14025 14029 14059 14070 14071 14082 14110 14125 14137 14148 14159 14161 14166 14189 14198 14199 14208 14221 14224 14235 14829 
	}
}
Amazonas_node={
	location=13980
	inland=yes
	outgoing={
		name="Lima_node"
		control={
			1746.000000 786.000000 1666.000000 739.000000 
		}
	}
	outgoing={
		name="Colombia_node"
		control={
			1838.000000 943.000000 
		}
	}
	members={
		1928 1979 1981 4934 4980 4982 5008 5214 5232 5317 7915 8050 8107 8185 8254 10736 10849 10879 10906 10934 12716 12828 12885 12919 12965 13083 13271 13844 13852 13866 13867 13885 13889 13895 13900 13908 13909 13912 13924 13928 13932 13934 13938 13939 13946 13952 13956 13957 13958 13968 13971 13972 13976 13977 13980 13982 13988 13991 13995 13999 14002 14005 14009 14015 14023 14024 14031 14035 14038 14043 14045 14054 14057 14060 14074 14077 14083 14087 14088 14089 14097 14100 14108 14118 14119 14129 14142 14149 14167 
	}
}
Canada_node={
	location=7810
	inland=yes
	outgoing={
		name="Wisconsin_node"
		control={
			1747.000000 1755.000000 
		}
	}
	members={
		490 983 1341 1356 1426 1657 1712 1764 1785 3208 3691 3911 4345 4419 4666 4720 4769 4787 4861 6740 7291 7364 7435 7683 7807 7810 7813 7875 7893 9601 10176 10249 10534 10636 10700 10715 11682 11902 12147 12149 12205 12223 12276 12503 12600 12674 13066 13196 13207 13210 13213 13216 13217 13220 13221 13222 13224 13227 13230 13235 13248 13250 13256 13260 13270 
	}
}
New_England_node={
	location=3878
	inland=yes
	outgoing={
		name="Canada_node"
		control={
			1730.000000 1650.000000 
		}
	}
	outgoing={
		name="Washington_DC_node"
		control={
			1619.000000 1549.000000 
		}
	}
	outgoing={
		name="Wisconsin_node"
		control={
			1633.000000 1606.000000 
		}
	}
	members={
		373 598 634 706 715 718 733 734 859 905 908 1282 1284 1338 1354 1424 1436 1619 3602 3693 3702 3710 3712 3715 3732 3733 3747 3806 3878 3894 3906 4285 4287 4305 4342 4360 4362 4417 4422 4430 4432 4445 4623 6707 6717 6719 6732 6778 6795 6882 6909 6911 6916 7289 7304 7345 7361 7379 7433 7462 7629 7644 7758 7788 9664 9673 9675 9693 9708 9721 9754 9774 9832 9847 9850 10174 10230 10244 10247 10318 10320 10381 10481 11650 11654 11660 11662 11665 11680 11722 11830 12202 12221 12289 12291 12459 12505 12680 12698 
	}
}
Washington_DC_node={
	location=3957
	inland=yes
	members={
		12709 12637 12568 12405 11900 11892 11888 11873 11841 11817 11800 11799 11789 11785 11782 11769 11758 11740 11738 11648 10727 10586 10441 10439 10412 10343 9931 9923 9864 9836 9820 9804 9801 9789 9786 9779 9758 9727 9662 7646 7588 7558 7547 7466 6984 6974 6971 6958 6929 6899 6892 6885 6872 6869 6850 6846 6845 6823 6705 6696 4988 4627 4452 4402 3975 3957 3941 3925 3917 3897 3880 3863 3850 3847 3824 3823 3802 3697 3687 1582 1506 1445 951 894 891 880 873 865 862 847 822 801 788 702 
	}
	end=yes
}
Michigan_node={
	location=9450
	inland=yes
	outgoing={
		name="Washington_DC_node"
		control={
			1519.000000 1542.000000 
		}
	}
	members={
		659 689 691 695 720 827 831 870 882 954 971 1441 1523 1527 1534 1564 1586 1595 1604 1621 1655 1678 1770 1831 1881 3685 3766 3829 3853 3872 4437 4442 4449 4508 4527 4531 4540 4569 4590 4601 4691 6710 6713 6737 6769 6782 6855 6874 6890 7306 7420 7449 7458 7528 7539 7551 7607 7611 7626 7831 9450 9653 9654 9682 9684 9724 9746 9747 9760 9775 9796 9808 9810 9825 9892 9910 10233 10303 10333 10339 10370 10391 10393 10448 10457 10461 10478 10516 10666 10717 11589 11621 11635 11637 11641 11656 11669 11685 11714 11731 11760 11776 11788 11791 11890 11971 12305 12312 12346 12361 12365 12368 12418 12437 12463 12497 12646 12697 
	}
}
Wisconsin_node={
	location=3778
	inland=yes
	outgoing={
		name="Michigan_node"
		control={
			1507.000000 1591.000000 
		}
	}
	members={
		602 605 703 709 722 749 751 761 763 774 777 779 926 1299 1560 1719 1734 1760 1769 1782 1849 1866 1867 3605 3608 3635 3640 3661 3699 3736 3763 3775 3778 4029 4166 4270 4664 4738 4753 4775 4784 4807 4834 4854 4869 4875 5205 6510 6607 6610 6625 6630 6662 6676 6752 6767 6797 6827 7366 7536 7776 7794 7829 7896 7899 9467 9480 9580 9583 9585 9634 9657 9667 9678 9711 9740 9743 9880 10341 10526 10599 10618 10621 10718 10719 11567 11569 11571 11585 11602 11667 11695 11725 11728 12278 12357 12456 12550 12577 12582 12588 12597 12693 12701 13094 
	}
}
Montana_node={
	location=4860
	inland=yes
	outgoing={
		name="Wisconsin_node"
		control={
			1283.000000 1685.000000 
		}
	}
	members={
		1736 1747 1752 1767 1789 1815 1832 1836 1851 1854 1857 1870 1875 3719 3750 3781 4610 4723 4741 4759 4772 4778 4794 4820 4838 4839 4857 4860 4863 4880 6722 6742 7688 7745 7760 7771 7779 7814 7845 7862 7877 7880 7883 7888 9616 9695 10556 10569 10587 10593 10595 10602 10624 10640 10672 10685 10706 10709 10711 11712 12124 12535 12561 12566 12572 12585 12607 12620 12633 12651 12667 12676 12685 
	}
}
Colorado_node={
	location=1827
	inland=yes
	outgoing={
		name="Michigan_node"
		control={
			1321.229980 1556.979980 
		}
	}
	outgoing={
		name="Montana_node"
		control={
			1109.000000 1610.000000 
		}
	}
	members={
		868 1352 1658 1663 1683 1738 1740 1753 1756 1809 1827 1862 3613 3708 3855 3869 4521 4586 4607 4668 4736 4740 4742 4749 4757 4760 4799 4811 4814 4816 4830 4865 4871 6887 7684 7756 7764 7780 7818 7827 7834 7840 7852 7879 7892 7999 9792 9802 10340 10422 10532 10535 10582 10588 10591 10606 10651 10662 10676 11772 12024 12134 12399 12425 12513 12516 12570 12573 12586 12627 12642 12699 
	}
}
Oregon_node={
	location=7315
	inland=yes
	outgoing={
		name="Montana_node"
		control={
			1004.000000 1687.000000 
		}
	}
	outgoing={
		name="California_node"
		control={
			896.000000 1575.000000 
		}
	}
	members={
		505 528 1214 1320 1323 1393 1408 1411 1414 1420 1690 1737 1858 3471 3513 4274 4296 4328 4343 4347 4380 4385 4398 4413 4428 4747 4826 4870 4877 7255 7259 7315 7386 7398 7414 7442 7677 7721 7753 7761 7820 7853 7865 10151 10155 10157 10183 10198 10228 10242 10258 10271 10273 10305 10327 10548 10625 10644 10687 10690 10693 11495 11733 12155 12183 12211 12214 12231 12259 12272 12281 12553 12571 12578 12673 
	}
}
Central_Canada_node={
	location=12593
	inland=yes
	outgoing={
		name="Wisconsin_node"
		control={
			1424.000000 1726.000000 
		}
	}
	outgoing={
		name="Montana_node"
		control={
			1163.000000 1720.000000 
		}
	}
	members={
		515 736 1262 1347 1671 1788 1804 1848 1873 2947 3010 3481 3498 3706 3721 3769 3800 4218 4426 4695 4739 4765 4790 4872 5119 5239 6726 6728 6754 6779 7185 7718 7782 7787 9615 9669 10552 10585 10605 10611 10656 10684 10721 11440 12145 12166 12593 12603 12636 12663 12682 12688 
	}
}
Alaska_node={
	location=13203
	inland=yes
	outgoing={
		name="East_Sibria_node"
		control={
			639.000000 1963.000000 513.000000 1997.000000 319.000000 1963.000000 15.000000 1894.000000 5143.000000 1748.000000 4998.000000 1713.000000 
		}
	}
	outgoing={
		name="Oregon_node"
		control={
			774.000000 1862.000000 891.000000 1739.000000 
		}
	}
	outgoing={
		name="Central_Canada_node"
		control={
			956.000000 1881.000000 
		}
	}
	members={
		917 1763 1799 1869 1872 2407 3606 4678 4833 4848 7348 7696 7766 7830 7858 7869 7884 7891 7901 10527 10679 10703 10707 12508 12534 13069 13075 13091 13202 13203 
	}
}
California_node={
	location=9814
	inland=yes
	outgoing={
		name="Japan_node"
		control={
			5553.000000 1300.000000 
		}
	}
	outgoing={
		name="Colorado_node"
		control={
			1033.000000 1507.000000 
		}
	}
	members={
		610 677 710 766 768 781 823 941 986 1432 1562 1601 1651 1892 1904 2069 3588 3644 3677 3678 3784 3840 4331 4518 4657 4727 6482 6665 6681 6694 6699 6745 6757 6772 6861 6876 6881 7517 7667 7964 7986 8012 8119 9224 9267 9512 9637 9671 9697 9713 9730 9814 9855 9911 10159 10387 10483 10533 10542 10549 10551 10848 11304 11658 11698 11757 11763 11795 11859 11876 12303 12374 12461 12643 12652 12736 12833 12859 13060 13067 
	}
}
America_Mexico_node={
	location=853
	inland=yes
	outgoing={
		name="Colorado_node"
		control={
			1119.000000 1474.000000 
		}
	}
	outgoing={
		name="North_Mexican_Gulf_node"
		control={
			1082.000000 1330.000000 
		}
	}
	members={
		850 853 1793 1852 1856 1860 1880 1915 1954 1972 1998 2037 2055 2102 2104 3834 3867 3875 3883 3972 4796 4955 4975 5038 5044 5071 6133 6211 6897 7747 7821 7844 7861 7920 8033 8064 8070 8097 8115 9105 9131 9773 9908 10573 10642 10645 10740 10746 10783 10800 10809 10830 10867 10894 10914 10916 11298 11381 11814 12301 12514 12517 12521 12552 12624 12659 12672 12684 12720 12745 12765 12791 12827 12848 12850 12875 12893 12897 13022 13023 13024 13052 13054 
	}
}
North_Mexican_Gulf_node={
	location=1965
	inland=yes
	outgoing={
		name="Ocenia_node"
		control={
			736.000000 947.000000 
		}
	}
	outgoing={
		name="California_node"
		control={
			1102.000000 1238.000000 
		}
	}
	members={
		1795 1824 1835 1837 1841 1850 1945 1952 1965 2008 2011 2051 4659 4665 4703 4724 4734 4746 4752 4789 4793 4798 4887 4898 4908 4946 4956 4977 5052 5066 7750 7757 7833 7837 7841 7921 7935 7973 8003 8032 8057 8236 9192 10172 10188 10730 10738 10765 10773 10832 10853 10871 10895 11268 11272 11275 11296 11309 11310 11319 11320 11321 11325 11326 11337 11338 11339 11349 11351 11354 11356 11932 12021 12103 12120 12140 12148 12159 12523 12528 12538 12542 12555 12634 12639 12687 12712 12746 12753 12755 12804 12873 13013 13020 13021 13032 13033 13034 13035 13036 13038 13039 13040 13041 13042 13048 13049 13050 13051 13053 13055 13056 13089 
	}
}
Virginia_node={
	location=10337
	inland=yes
	outgoing={
		name="America_Mexico_node"
		control={
			1186.000000 1399.000000 
		}
	}
	outgoing={
		name="Arkansas_node"
		control={
			1341.000000 1396.000000 
		}
	}
	members={
		866 1453 1500 1528 1556 1572 1584 1643 1843 1900 1913 1927 2019 2021 2042 2060 2083 2853 2877 2900 3065 3245 4366 4463 4464 4507 4535 4761 4767 4803 4806 4808 4815 4824 4835 4855 4884 5015 5021 5022 5061 6785 6798 6987 7388 7480 7524 7552 7628 7668 7685 7836 7913 8079 8089 9834 10124 10337 10352 10380 10407 10489 10504 10520 10732 10769 10889 11250 11256 11284 11294 11369 11373 12174 12313 12341 12353 12369 12381 12398 12410 12439 12486 12510 12531 12608 12630 12631 12721 12728 12752 12782 12810 12811 12835 12867 13026 13029 13030 13031 13088 
	}
}
Arkansas_node={
	location=12489
	inland=yes
	outgoing={
		name="America_Mexico_node"
		control={
			1234.000000 1435.000000 
		}
	}
	outgoing={
		name="Carolina_node"
		control={
			1479.000000 1425.000000 
		}
	}
	members={
		805 1503 1559 1615 1618 1646 1806 2043 2082 3960 4444 4510 4522 4565 4567 4577 4597 4625 4650 4919 5001 5085 5103 6803 6968 7464 7485 7543 7555 7586 7599 7762 7904 7945 7981 8025 8110 9822 9829 9920 10355 10410 10449 10477 10702 10753 10778 10798 10861 11717 11743 11802 12328 12401 12429 12458 12489 12778 
	}
}
Carolina_node={
	location=7202
	inland=yes
	outgoing={
		name="Washington_DC_node"
		control={
			1582.000000 1480.000000 
		}
	}
	members={
		492 638 860 913 968 1019 1077 1132 1163 1433 1480 1485 1547 1587 1758 1987 3994 4168 4491 4594 4622 4653 4756 5059 5090 6943 7012 7045 7083 7118 7134 7138 7202 7422 7527 7583 7612 7615 7640 7643 7791 7797 8014 8083 9876 9949 9967 9996 10029 10047 10051 10081 10096 10192 10281 10394 10437 10465 10468 10492 10495 10615 10657 10824 10909 11509 11783 11927 11942 11975 12054 12325 12384 12445 12470 12498 12501 12670 12735 12803 
	}
}
North_Mongolia_node={
	location=12525
	inland=yes
	outgoing={
		name="North_Kazakh_node"
		control={
			4321.000000 1648.000000 
		}
	}
	members={
		1666 1707 1727 1761 1803 1813 1826 1829 4675 4726 4737 4750 4762 4795 7736 7751 7765 7769 7802 7817 7828 7854 7889 7902 10565 10583 10631 10643 10654 10681 10688 10714 12506 12525 12565 12575 12611 12668 12681 13059 
	}
}
